0	1	2	
0	2	3	
0	3	1	
1	3	2	
0	1	2	
0	2	4	
0	4	1	
1	4	2	
0	1	3	
0	3	5	
0	5	1	
1	5	3	
0	1	4	
0	4	6	
0	6	1	
1	6	4	
0	1	5	
0	5	6	
0	6	1	
1	6	5	
0	2	3	
0	3	7	
0	7	2	
2	7	3	
0	2	4	
0	4	8	
0	8	2	
2	8	4	
0	2	7	
0	7	8	
0	8	2	
2	8	7	
0	3	5	
0	5	9	
0	9	3	
3	9	5	
0	3	7	
0	7	9	
0	9	3	
3	9	7	
0	4	6	
0	6	10	
0	10	4	
4	10	6	
0	4	8	
0	8	10	
0	10	4	
4	10	8	
0	5	6	
0	6	11	
0	11	5	
5	11	6	
0	5	9	
0	9	11	
0	11	5	
5	11	9	
0	6	10	
0	10	11	
0	11	6	
6	11	10	
0	7	8	
0	8	12	
0	12	7	
7	12	8	
0	7	9	
0	9	12	
0	12	7	
7	12	9	
0	8	10	
0	10	12	
0	12	8	
8	12	10	
0	9	11	
0	11	12	
0	12	9	
9	12	11	
0	10	11	
0	11	12	
0	12	10	
10	12	11	
1	2	3	
1	3	13	
1	13	2	
2	13	3	
1	2	4	
1	4	14	
1	14	2	
2	14	4	
1	2	13	
1	13	14	
1	14	2	
2	14	13	
1	3	5	
1	5	15	
1	15	3	
3	15	5	
1	3	13	
1	13	15	
1	15	3	
3	15	13	
1	4	6	
1	6	16	
1	16	4	
4	16	6	
1	4	14	
1	14	16	
1	16	4	
4	16	14	
1	5	6	
1	6	19	
1	19	5	
5	19	6	
1	5	15	
1	15	19	
1	19	5	
5	19	15	
1	6	16	
1	16	19	
1	19	6	
6	19	16	
1	13	14	
1	14	33	
1	33	13	
13	33	14	
1	13	15	
1	15	33	
1	33	13	
13	33	15	
1	14	16	
1	16	33	
1	33	14	
14	33	16	
1	15	19	
1	19	33	
1	33	15	
15	33	19	
1	16	19	
1	19	33	
1	33	16	
16	33	19	
2	3	7	
2	7	17	
2	17	3	
3	17	7	
2	3	13	
2	13	17	
2	17	3	
3	17	13	
2	4	8	
2	8	18	
2	18	4	
4	18	8	
2	4	14	
2	14	18	
2	18	4	
4	18	14	
2	7	8	
2	8	20	
2	20	7	
7	20	8	
2	7	17	
2	17	20	
2	20	7	
7	20	17	
2	8	18	
2	18	20	
2	20	8	
8	20	18	
2	13	14	
2	14	34	
2	34	13	
13	34	14	
2	13	17	
2	17	34	
2	34	13	
13	34	17	
2	14	18	
2	18	34	
2	34	14	
14	34	18	
2	17	20	
2	20	34	
2	34	17	
17	34	20	
2	18	20	
2	20	34	
2	34	18	
18	34	20	
3	5	9	
3	9	21	
3	21	5	
5	21	9	
3	5	15	
3	15	21	
3	21	5	
5	21	15	
3	7	9	
3	9	23	
3	23	7	
7	23	9	
3	7	17	
3	17	23	
3	23	7	
7	23	17	
3	9	21	
3	21	23	
3	23	9	
9	23	21	
3	13	15	
3	15	35	
3	35	13	
13	35	15	
3	13	17	
3	17	35	
3	35	13	
13	35	17	
3	15	21	
3	21	35	
3	35	15	
15	35	21	
3	17	23	
3	23	35	
3	35	17	
17	35	23	
3	21	23	
3	23	35	
3	35	21	
21	35	23	
4	6	10	
4	10	22	
4	22	6	
6	22	10	
4	6	16	
4	16	22	
4	22	6	
6	22	16	
4	8	10	
4	10	24	
4	24	8	
8	24	10	
4	8	18	
4	18	24	
4	24	8	
8	24	18	
4	10	22	
4	22	24	
4	24	10	
10	24	22	
4	14	16	
4	16	36	
4	36	14	
14	36	16	
4	14	18	
4	18	36	
4	36	14	
14	36	18	
4	16	22	
4	22	36	
4	36	16	
16	36	22	
4	18	24	
4	24	36	
4	36	18	
18	36	24	
4	22	24	
4	24	36	
4	36	22	
22	36	24	
5	6	11	
5	11	25	
5	25	6	
6	25	11	
5	6	19	
5	19	25	
5	25	6	
6	25	19	
5	9	11	
5	11	27	
5	27	9	
9	27	11	
5	9	21	
5	21	27	
5	27	9	
9	27	21	
5	11	25	
5	25	27	
5	27	11	
11	27	25	
5	15	19	
5	19	37	
5	37	15	
15	37	19	
5	15	21	
5	21	37	
5	37	15	
15	37	21	
5	19	25	
5	25	37	
5	37	19	
19	37	25	
5	21	27	
5	27	37	
5	37	21	
21	37	27	
5	25	27	
5	27	37	
5	37	25	
25	37	27	
6	10	11	
6	11	28	
6	28	10	
10	28	11	
6	10	22	
6	22	28	
6	28	10	
10	28	22	
6	11	25	
6	25	28	
6	28	11	
11	28	25	
6	16	19	
6	19	38	
6	38	16	
16	38	19	
6	16	22	
6	22	38	
6	38	16	
16	38	22	
6	19	25	
6	25	38	
6	38	19	
19	38	25	
6	22	28	
6	28	38	
6	38	22	
22	38	28	
6	25	28	
6	28	38	
6	38	25	
25	38	28	
7	8	12	
7	12	26	
7	26	8	
8	26	12	
7	8	20	
7	20	26	
7	26	8	
8	26	20	
7	9	12	
7	12	29	
7	29	9	
9	29	12	
7	9	23	
7	23	29	
7	29	9	
9	29	23	
7	12	26	
7	26	29	
7	29	12	
12	29	26	
7	17	20	
7	20	39	
7	39	17	
17	39	20	
7	17	23	
7	23	39	
7	39	17	
17	39	23	
7	20	26	
7	26	39	
7	39	20	
20	39	26	
7	23	29	
7	29	39	
7	39	23	
23	39	29	
7	26	29	
7	29	39	
7	39	26	
26	39	29	
8	10	12	
8	12	30	
8	30	10	
10	30	12	
8	10	24	
8	24	30	
8	30	10	
10	30	24	
8	12	26	
8	26	30	
8	30	12	
12	30	26	
8	18	20	
8	20	40	
8	40	18	
18	40	20	
8	18	24	
8	24	40	
8	40	18	
18	40	24	
8	20	26	
8	26	40	
8	40	20	
20	40	26	
8	24	30	
8	30	40	
8	40	24	
24	40	30	
8	26	30	
8	30	40	
8	40	26	
26	40	30	
9	11	12	
9	12	31	
9	31	11	
11	31	12	
9	11	27	
9	27	31	
9	31	11	
11	31	27	
9	12	29	
9	29	31	
9	31	12	
12	31	29	
9	21	23	
9	23	41	
9	41	21	
21	41	23	
9	21	27	
9	27	41	
9	41	21	
21	41	27	
9	23	29	
9	29	41	
9	41	23	
23	41	29	
9	27	31	
9	31	41	
9	41	27	
27	41	31	
9	29	31	
9	31	41	
9	41	29	
29	41	31	
10	11	12	
10	12	32	
10	32	11	
11	32	12	
10	11	28	
10	28	32	
10	32	11	
11	32	28	
10	12	30	
10	30	32	
10	32	12	
12	32	30	
10	22	24	
10	24	42	
10	42	22	
22	42	24	
10	22	28	
10	28	42	
10	42	22	
22	42	28	
10	24	30	
10	30	42	
10	42	24	
24	42	30	
10	28	32	
10	32	42	
10	42	28	
28	42	32	
10	30	32	
10	32	42	
10	42	30	
30	42	32	
11	12	31	
11	31	32	
11	32	12	
12	32	31	
11	25	27	
11	27	43	
11	43	25	
25	43	27	
11	25	28	
11	28	43	
11	43	25	
25	43	28	
11	27	31	
11	31	43	
11	43	27	
27	43	31	
11	28	32	
11	32	43	
11	43	28	
28	43	32	
11	31	32	
11	32	43	
11	43	31	
31	43	32	
12	26	29	
12	29	44	
12	44	26	
26	44	29	
12	26	30	
12	30	44	
12	44	26	
26	44	30	
12	29	31	
12	31	44	
12	44	29	
29	44	31	
12	30	32	
12	32	44	
12	44	30	
30	44	32	
12	31	32	
12	32	44	
12	44	31	
31	44	32	
13	14	33	
13	33	45	
13	45	14	
14	45	33	
13	14	34	
13	34	45	
13	45	14	
14	45	34	
13	15	33	
13	33	46	
13	46	15	
15	46	33	
13	15	35	
13	35	46	
13	46	15	
15	46	35	
13	17	34	
13	34	48	
13	48	17	
17	48	34	
13	17	35	
13	35	48	
13	48	17	
17	48	35	
13	33	45	
13	45	46	
13	46	33	
33	46	45	
13	34	45	
13	45	48	
13	48	34	
34	48	45	
13	35	46	
13	46	48	
13	48	35	
35	48	46	
13	45	46	
13	46	48	
13	48	45	
45	48	46	
14	16	33	
14	33	47	
14	47	16	
16	47	33	
14	16	36	
14	36	47	
14	47	16	
16	47	36	
14	18	34	
14	34	49	
14	49	18	
18	49	34	
14	18	36	
14	36	49	
14	49	18	
18	49	36	
14	33	45	
14	45	47	
14	47	33	
33	47	45	
14	34	45	
14	45	49	
14	49	34	
34	49	45	
14	36	47	
14	47	49	
14	49	36	
36	49	47	
14	45	47	
14	47	49	
14	49	45	
45	49	47	
15	19	33	
15	33	50	
15	50	19	
19	50	33	
15	19	37	
15	37	50	
15	50	19	
19	50	37	
15	21	35	
15	35	54	
15	54	21	
21	54	35	
15	21	37	
15	37	54	
15	54	21	
21	54	37	
15	33	46	
15	46	50	
15	50	33	
33	50	46	
15	35	46	
15	46	54	
15	54	35	
35	54	46	
15	37	50	
15	50	54	
15	54	37	
37	54	50	
15	46	50	
15	50	54	
15	54	46	
46	54	50	
16	19	33	
16	33	51	
16	51	19	
19	51	33	
16	19	38	
16	38	51	
16	51	19	
19	51	38	
16	22	36	
16	36	55	
16	55	22	
22	55	36	
16	22	38	
16	38	55	
16	55	22	
22	55	38	
16	33	47	
16	47	51	
16	51	33	
33	51	47	
16	36	47	
16	47	55	
16	55	36	
36	55	47	
16	38	51	
16	51	55	
16	55	38	
38	55	51	
16	47	51	
16	51	55	
16	55	47	
47	55	51	
17	20	34	
17	34	52	
17	52	20	
20	52	34	
17	20	39	
17	39	52	
17	52	20	
20	52	39	
17	23	35	
17	35	56	
17	56	23	
23	56	35	
17	23	39	
17	39	56	
17	56	23	
23	56	39	
17	34	48	
17	48	52	
17	52	34	
34	52	48	
17	35	48	
17	48	56	
17	56	35	
35	56	48	
17	39	52	
17	52	56	
17	56	39	
39	56	52	
17	48	52	
17	52	56	
17	56	48	
48	56	52	
18	20	34	
18	34	53	
18	53	20	
20	53	34	
18	20	40	
18	40	53	
18	53	20	
20	53	40	
18	24	36	
18	36	57	
18	57	24	
24	57	36	
18	24	40	
18	40	57	
18	57	24	
24	57	40	
18	34	49	
18	49	53	
18	53	34	
34	53	49	
18	36	49	
18	49	57	
18	57	36	
36	57	49	
18	40	53	
18	53	57	
18	57	40	
40	57	53	
18	49	53	
18	53	57	
18	57	49	
49	57	53	
19	25	37	
19	37	58	
19	58	25	
25	58	37	
19	25	38	
19	38	58	
19	58	25	
25	58	38	
19	33	50	
19	50	51	
19	51	33	
33	51	50	
19	37	50	
19	50	58	
19	58	37	
37	58	50	
19	38	51	
19	51	58	
19	58	38	
38	58	51	
19	50	51	
19	51	58	
19	58	50	
50	58	51	
20	26	39	
20	39	61	
20	61	26	
26	61	39	
20	26	40	
20	40	61	
20	61	26	
26	61	40	
20	34	52	
20	52	53	
20	53	34	
34	53	52	
20	39	52	
20	52	61	
20	61	39	
39	61	52	
20	40	53	
20	53	61	
20	61	40	
40	61	53	
20	52	53	
20	53	61	
20	61	52	
52	61	53	
21	23	35	
21	35	59	
21	59	23	
23	59	35	
21	23	41	
21	41	59	
21	59	23	
23	59	41	
21	27	37	
21	37	62	
21	62	27	
27	62	37	
21	27	41	
21	41	62	
21	62	27	
27	62	41	
21	35	54	
21	54	59	
21	59	35	
35	59	54	
21	37	54	
21	54	62	
21	62	37	
37	62	54	
21	41	59	
21	59	62	
21	62	41	
41	62	59	
21	54	59	
21	59	62	
21	62	54	
54	62	59	
22	24	36	
22	36	60	
22	60	24	
24	60	36	
22	24	42	
22	42	60	
22	60	24	
24	60	42	
22	28	38	
22	38	63	
22	63	28	
28	63	38	
22	28	42	
22	42	63	
22	63	28	
28	63	42	
22	36	55	
22	55	60	
22	60	36	
36	60	55	
22	38	55	
22	55	63	
22	63	38	
38	63	55	
22	42	60	
22	60	63	
22	63	42	
42	63	60	
22	55	60	
22	60	63	
22	63	55	
55	63	60	
23	29	39	
23	39	64	
23	64	29	
29	64	39	
23	29	41	
23	41	64	
23	64	29	
29	64	41	
23	35	56	
23	56	59	
23	59	35	
35	59	56	
23	39	56	
23	56	64	
23	64	39	
39	64	56	
23	41	59	
23	59	64	
23	64	41	
41	64	59	
23	56	59	
23	59	64	
23	64	56	
56	64	59	
24	30	40	
24	40	65	
24	65	30	
30	65	40	
24	30	42	
24	42	65	
24	65	30	
30	65	42	
24	36	57	
24	57	60	
24	60	36	
36	60	57	
24	40	57	
24	57	65	
24	65	40	
40	65	57	
24	42	60	
24	60	65	
24	65	42	
42	65	60	
24	57	60	
24	60	65	
24	65	57	
57	65	60	
25	27	37	
25	37	66	
25	66	27	
27	66	37	
25	27	43	
25	43	66	
25	66	27	
27	66	43	
25	28	38	
25	38	67	
25	67	28	
28	67	38	
25	28	43	
25	43	67	
25	67	28	
28	67	43	
25	37	58	
25	58	66	
25	66	37	
37	66	58	
25	38	58	
25	58	67	
25	67	38	
38	67	58	
25	43	66	
25	66	67	
25	67	43	
43	67	66	
25	58	66	
25	66	67	
25	67	58	
58	67	66	
26	29	39	
26	39	68	
26	68	29	
29	68	39	
26	29	44	
26	44	68	
26	68	29	
29	68	44	
26	30	40	
26	40	69	
26	69	30	
30	69	40	
26	30	44	
26	44	69	
26	69	30	
30	69	44	
26	39	61	
26	61	68	
26	68	39	
39	68	61	
26	40	61	
26	61	69	
26	69	40	
40	69	61	
26	44	68	
26	68	69	
26	69	44	
44	69	68	
26	61	68	
26	68	69	
26	69	61	
61	69	68	
27	31	41	
27	41	70	
27	70	31	
31	70	41	
27	31	43	
27	43	70	
27	70	31	
31	70	43	
27	37	62	
27	62	66	
27	66	37	
37	66	62	
27	41	62	
27	62	70	
27	70	41	
41	70	62	
27	43	66	
27	66	70	
27	70	43	
43	70	66	
27	62	66	
27	66	70	
27	70	62	
62	70	66	
28	32	42	
28	42	71	
28	71	32	
32	71	42	
28	32	43	
28	43	71	
28	71	32	
32	71	43	
28	38	63	
28	63	67	
28	67	38	
38	67	63	
28	42	63	
28	63	71	
28	71	42	
42	71	63	
28	43	67	
28	67	71	
28	71	43	
43	71	67	
28	63	67	
28	67	71	
28	71	63	
63	71	67	
29	31	41	
29	41	72	
29	72	31	
31	72	41	
29	31	44	
29	44	72	
29	72	31	
31	72	44	
29	39	64	
29	64	68	
29	68	39	
39	68	64	
29	41	64	
29	64	72	
29	72	41	
41	72	64	
29	44	68	
29	68	72	
29	72	44	
44	72	68	
29	64	68	
29	68	72	
29	72	64	
64	72	68	
30	32	42	
30	42	73	
30	73	32	
32	73	42	
30	32	44	
30	44	73	
30	73	32	
32	73	44	
30	40	65	
30	65	69	
30	69	40	
40	69	65	
30	42	65	
30	65	73	
30	73	42	
42	73	65	
30	44	69	
30	69	73	
30	73	44	
44	73	69	
30	65	69	
30	69	73	
30	73	65	
65	73	69	
31	32	43	
31	43	74	
31	74	32	
32	74	43	
31	32	44	
31	44	74	
31	74	32	
32	74	44	
31	41	70	
31	70	72	
31	72	41	
41	72	70	
31	43	70	
31	70	74	
31	74	43	
43	74	70	
31	44	72	
31	72	74	
31	74	44	
44	74	72	
31	70	72	
31	72	74	
31	74	70	
70	74	72	
32	42	71	
32	71	73	
32	73	42	
42	73	71	
32	43	71	
32	71	74	
32	74	43	
43	74	71	
32	44	73	
32	73	74	
32	74	44	
44	74	73	
32	71	73	
32	73	74	
32	74	71	
71	74	73	
33	45	46	
33	46	75	
33	75	45	
45	75	46	
33	45	47	
33	47	75	
33	75	45	
45	75	47	
33	46	50	
33	50	75	
33	75	46	
46	75	50	
33	47	51	
33	51	75	
33	75	47	
47	75	51	
33	50	51	
33	51	75	
33	75	50	
50	75	51	
34	45	48	
34	48	76	
34	76	45	
45	76	48	
34	45	49	
34	49	76	
34	76	45	
45	76	49	
34	48	52	
34	52	76	
34	76	48	
48	76	52	
34	49	53	
34	53	76	
34	76	49	
49	76	53	
34	52	53	
34	53	76	
34	76	52	
52	76	53	
35	46	48	
35	48	77	
35	77	46	
46	77	48	
35	46	54	
35	54	77	
35	77	46	
46	77	54	
35	48	56	
35	56	77	
35	77	48	
48	77	56	
35	54	59	
35	59	77	
35	77	54	
54	77	59	
35	56	59	
35	59	77	
35	77	56	
56	77	59	
36	47	49	
36	49	78	
36	78	47	
47	78	49	
36	47	55	
36	55	78	
36	78	47	
47	78	55	
36	49	57	
36	57	78	
36	78	49	
49	78	57	
36	55	60	
36	60	78	
36	78	55	
55	78	60	
36	57	60	
36	60	78	
36	78	57	
57	78	60	
37	50	54	
37	54	79	
37	79	50	
50	79	54	
37	50	58	
37	58	79	
37	79	50	
50	79	58	
37	54	62	
37	62	79	
37	79	54	
54	79	62	
37	58	66	
37	66	79	
37	79	58	
58	79	66	
37	62	66	
37	66	79	
37	79	62	
62	79	66	
38	51	55	
38	55	80	
38	80	51	
51	80	55	
38	51	58	
38	58	80	
38	80	51	
51	80	58	
38	55	63	
38	63	80	
38	80	55	
55	80	63	
38	58	67	
38	67	80	
38	80	58	
58	80	67	
38	63	67	
38	67	80	
38	80	63	
63	80	67	
39	52	56	
39	56	81	
39	81	52	
52	81	56	
39	52	61	
39	61	81	
39	81	52	
52	81	61	
39	56	64	
39	64	81	
39	81	56	
56	81	64	
39	61	68	
39	68	81	
39	81	61	
61	81	68	
39	64	68	
39	68	81	
39	81	64	
64	81	68	
40	53	57	
40	57	82	
40	82	53	
53	82	57	
40	53	61	
40	61	82	
40	82	53	
53	82	61	
40	57	65	
40	65	82	
40	82	57	
57	82	65	
40	61	69	
40	69	82	
40	82	61	
61	82	69	
40	65	69	
40	69	82	
40	82	65	
65	82	69	
41	59	62	
41	62	83	
41	83	59	
59	83	62	
41	59	64	
41	64	83	
41	83	59	
59	83	64	
41	62	70	
41	70	83	
41	83	62	
62	83	70	
41	64	72	
41	72	83	
41	83	64	
64	83	72	
41	70	72	
41	72	83	
41	83	70	
70	83	72	
42	60	63	
42	63	84	
42	84	60	
60	84	63	
42	60	65	
42	65	84	
42	84	60	
60	84	65	
42	63	71	
42	71	84	
42	84	63	
63	84	71	
42	65	73	
42	73	84	
42	84	65	
65	84	73	
42	71	73	
42	73	84	
42	84	71	
71	84	73	
43	66	67	
43	67	85	
43	85	66	
66	85	67	
43	66	70	
43	70	85	
43	85	66	
66	85	70	
43	67	71	
43	71	85	
43	85	67	
67	85	71	
43	70	74	
43	74	85	
43	85	70	
70	85	74	
43	71	74	
43	74	85	
43	85	71	
71	85	74	
44	68	69	
44	69	86	
44	86	68	
68	86	69	
44	68	72	
44	72	86	
44	86	68	
68	86	72	
44	69	73	
44	73	86	
44	86	69	
69	86	73	
44	72	74	
44	74	86	
44	86	72	
72	86	74	
44	73	74	
44	74	86	
44	86	73	
73	86	74	
45	46	48	
45	48	87	
45	87	46	
46	87	48	
45	46	75	
45	75	87	
45	87	46	
46	87	75	
45	47	49	
45	49	88	
45	88	47	
47	88	49	
45	47	75	
45	75	88	
45	88	47	
47	88	75	
45	48	76	
45	76	87	
45	87	48	
48	87	76	
45	49	76	
45	76	88	
45	88	49	
49	88	76	
45	75	87	
45	87	88	
45	88	75	
75	88	87	
45	76	87	
45	87	88	
45	88	76	
76	88	87	
46	48	77	
46	77	87	
46	87	48	
48	87	77	
46	50	54	
46	54	89	
46	89	50	
50	89	54	
46	50	75	
46	75	89	
46	89	50	
50	89	75	
46	54	77	
46	77	89	
46	89	54	
54	89	77	
46	75	87	
46	87	89	
46	89	75	
75	89	87	
46	77	87	
46	87	89	
46	89	77	
77	89	87	
47	49	78	
47	78	88	
47	88	49	
49	88	78	
47	51	55	
47	55	90	
47	90	51	
51	90	55	
47	51	75	
47	75	90	
47	90	51	
51	90	75	
47	55	78	
47	78	90	
47	90	55	
55	90	78	
47	75	88	
47	88	90	
47	90	75	
75	90	88	
47	78	88	
47	88	90	
47	90	78	
78	90	88	
48	52	56	
48	56	91	
48	91	52	
52	91	56	
48	52	76	
48	76	91	
48	91	52	
52	91	76	
48	56	77	
48	77	91	
48	91	56	
56	91	77	
48	76	87	
48	87	91	
48	91	76	
76	91	87	
48	77	87	
48	87	91	
48	91	77	
77	91	87	
49	53	57	
49	57	92	
49	92	53	
53	92	57	
49	53	76	
49	76	92	
49	92	53	
53	92	76	
49	57	78	
49	78	92	
49	92	57	
57	92	78	
49	76	88	
49	88	92	
49	92	76	
76	92	88	
49	78	88	
49	88	92	
49	92	78	
78	92	88	
50	51	58	
50	58	93	
50	93	51	
51	93	58	
50	51	75	
50	75	93	
50	93	51	
51	93	75	
50	54	79	
50	79	89	
50	89	54	
54	89	79	
50	58	79	
50	79	93	
50	93	58	
58	93	79	
50	75	89	
50	89	93	
50	93	75	
75	93	89	
50	79	89	
50	89	93	
50	93	79	
79	93	89	
51	55	80	
51	80	90	
51	90	55	
55	90	80	
51	58	80	
51	80	93	
51	93	58	
58	93	80	
51	75	90	
51	90	93	
51	93	75	
75	93	90	
51	80	90	
51	90	93	
51	93	80	
80	93	90	
52	53	61	
52	61	94	
52	94	53	
53	94	61	
52	53	76	
52	76	94	
52	94	53	
53	94	76	
52	56	81	
52	81	91	
52	91	56	
56	91	81	
52	61	81	
52	81	94	
52	94	61	
61	94	81	
52	76	91	
52	91	94	
52	94	76	
76	94	91	
52	81	91	
52	91	94	
52	94	81	
81	94	91	
53	57	82	
53	82	92	
53	92	57	
57	92	82	
53	61	82	
53	82	94	
53	94	61	
61	94	82	
53	76	92	
53	92	94	
53	94	76	
76	94	92	
53	82	92	
53	92	94	
53	94	82	
82	94	92	
54	59	62	
54	62	95	
54	95	59	
59	95	62	
54	59	77	
54	77	95	
54	95	59	
59	95	77	
54	62	79	
54	79	95	
54	95	62	
62	95	79	
54	77	89	
54	89	95	
54	95	77	
77	95	89	
54	79	89	
54	89	95	
54	95	79	
79	95	89	
55	60	63	
55	63	96	
55	96	60	
60	96	63	
55	60	78	
55	78	96	
55	96	60	
60	96	78	
55	63	80	
55	80	96	
55	96	63	
63	96	80	
55	78	90	
55	90	96	
55	96	78	
78	96	90	
55	80	90	
55	90	96	
55	96	80	
80	96	90	
56	59	64	
56	64	97	
56	97	59	
59	97	64	
56	59	77	
56	77	97	
56	97	59	
59	97	77	
56	64	81	
56	81	97	
56	97	64	
64	97	81	
56	77	91	
56	91	97	
56	97	77	
77	97	91	
56	81	91	
56	91	97	
56	97	81	
81	97	91	
57	60	65	
57	65	98	
57	98	60	
60	98	65	
57	60	78	
57	78	98	
57	98	60	
60	98	78	
57	65	82	
57	82	98	
57	98	65	
65	98	82	
57	78	92	
57	92	98	
57	98	78	
78	98	92	
57	82	92	
57	92	98	
57	98	82	
82	98	92	
58	66	67	
58	67	99	
58	99	66	
66	99	67	
58	66	79	
58	79	99	
58	99	66	
66	99	79	
58	67	80	
58	80	99	
58	99	67	
67	99	80	
58	79	93	
58	93	99	
58	99	79	
79	99	93	
58	80	93	
58	93	99	
58	99	80	
80	99	93	
59	62	83	
59	83	95	
59	95	62	
62	95	83	
59	64	83	
59	83	97	
59	97	64	
64	97	83	
59	77	95	
59	95	97	
59	97	77	
77	97	95	
59	83	95	
59	95	97	
59	97	83	
83	97	95	
60	63	84	
60	84	96	
60	96	63	
63	96	84	
60	65	84	
60	84	98	
60	98	65	
65	98	84	
60	78	96	
60	96	98	
60	98	78	
78	98	96	
60	84	96	
60	96	98	
60	98	84	
84	98	96	
61	68	69	
61	69	100	
61	100	68	
68	100	69	
61	68	81	
61	81	100	
61	100	68	
68	100	81	
61	69	82	
61	82	100	
61	100	69	
69	100	82	
61	81	94	
61	94	100	
61	100	81	
81	100	94	
61	82	94	
61	94	100	
61	100	82	
82	100	94	
62	66	70	
62	70	101	
62	101	66	
66	101	70	
62	66	79	
62	79	101	
62	101	66	
66	101	79	
62	70	83	
62	83	101	
62	101	70	
70	101	83	
62	79	95	
62	95	101	
62	101	79	
79	101	95	
62	83	95	
62	95	101	
62	101	83	
83	101	95	
63	67	71	
63	71	102	
63	102	67	
67	102	71	
63	67	80	
63	80	102	
63	102	67	
67	102	80	
63	71	84	
63	84	102	
63	102	71	
71	102	84	
63	80	96	
63	96	102	
63	102	80	
80	102	96	
63	84	96	
63	96	102	
63	102	84	
84	102	96	
64	68	72	
64	72	103	
64	103	68	
68	103	72	
64	68	81	
64	81	103	
64	103	68	
68	103	81	
64	72	83	
64	83	103	
64	103	72	
72	103	83	
64	81	97	
64	97	103	
64	103	81	
81	103	97	
64	83	97	
64	97	103	
64	103	83	
83	103	97	
65	69	73	
65	73	104	
65	104	69	
69	104	73	
65	69	82	
65	82	104	
65	104	69	
69	104	82	
65	73	84	
65	84	104	
65	104	73	
73	104	84	
65	82	98	
65	98	104	
65	104	82	
82	104	98	
65	84	98	
65	98	104	
65	104	84	
84	104	98	
66	67	85	
66	85	99	
66	99	67	
67	99	85	
66	70	85	
66	85	101	
66	101	70	
70	101	85	
66	79	99	
66	99	101	
66	101	79	
79	101	99	
66	85	99	
66	99	101	
66	101	85	
85	101	99	
67	71	85	
67	85	102	
67	102	71	
71	102	85	
67	80	99	
67	99	102	
67	102	80	
80	102	99	
67	85	99	
67	99	102	
67	102	85	
85	102	99	
68	69	86	
68	86	100	
68	100	69	
69	100	86	
68	72	86	
68	86	103	
68	103	72	
72	103	86	
68	81	100	
68	100	103	
68	103	81	
81	103	100	
68	86	100	
68	100	103	
68	103	86	
86	103	100	
69	73	86	
69	86	104	
69	104	73	
73	104	86	
69	82	100	
69	100	104	
69	104	82	
82	104	100	
69	86	100	
69	100	104	
69	104	86	
86	104	100	
70	72	74	
70	74	105	
70	105	72	
72	105	74	
70	72	83	
70	83	105	
70	105	72	
72	105	83	
70	74	85	
70	85	105	
70	105	74	
74	105	85	
70	83	101	
70	101	105	
70	105	83	
83	105	101	
70	85	101	
70	101	105	
70	105	85	
85	105	101	
71	73	74	
71	74	106	
71	106	73	
73	106	74	
71	73	84	
71	84	106	
71	106	73	
73	106	84	
71	74	85	
71	85	106	
71	106	74	
74	106	85	
71	84	102	
71	102	106	
71	106	84	
84	106	102	
71	85	102	
71	102	106	
71	106	85	
85	106	102	
72	74	86	
72	86	105	
72	105	74	
74	105	86	
72	83	103	
72	103	105	
72	105	83	
83	105	103	
72	86	103	
72	103	105	
72	105	86	
86	105	103	
73	74	86	
73	86	106	
73	106	74	
74	106	86	
73	84	104	
73	104	106	
73	106	84	
84	106	104	
73	86	104	
73	104	106	
73	106	86	
86	106	104	
74	85	105	
74	105	106	
74	106	85	
85	106	105	
74	86	105	
74	105	106	
74	106	86	
86	106	105	
75	87	88	
75	88	107	
75	107	87	
87	107	88	
75	87	89	
75	89	107	
75	107	87	
87	107	89	
75	88	90	
75	90	107	
75	107	88	
88	107	90	
75	89	93	
75	93	107	
75	107	89	
89	107	93	
75	90	93	
75	93	107	
75	107	90	
90	107	93	
76	87	88	
76	88	108	
76	108	87	
87	108	88	
76	87	91	
76	91	108	
76	108	87	
87	108	91	
76	88	92	
76	92	108	
76	108	88	
88	108	92	
76	91	94	
76	94	108	
76	108	91	
91	108	94	
76	92	94	
76	94	108	
76	108	92	
92	108	94	
77	87	89	
77	89	109	
77	109	87	
87	109	89	
77	87	91	
77	91	109	
77	109	87	
87	109	91	
77	89	95	
77	95	109	
77	109	89	
89	109	95	
77	91	97	
77	97	109	
77	109	91	
91	109	97	
77	95	97	
77	97	109	
77	109	95	
95	109	97	
78	88	90	
78	90	110	
78	110	88	
88	110	90	
78	88	92	
78	92	110	
78	110	88	
88	110	92	
78	90	96	
78	96	110	
78	110	90	
90	110	96	
78	92	98	
78	98	110	
78	110	92	
92	110	98	
78	96	98	
78	98	110	
78	110	96	
96	110	98	
79	89	93	
79	93	111	
79	111	89	
89	111	93	
79	89	95	
79	95	111	
79	111	89	
89	111	95	
79	93	99	
79	99	111	
79	111	93	
93	111	99	
79	95	101	
79	101	111	
79	111	95	
95	111	101	
79	99	101	
79	101	111	
79	111	99	
99	111	101	
80	90	93	
80	93	112	
80	112	90	
90	112	93	
80	90	96	
80	96	112	
80	112	90	
90	112	96	
80	93	99	
80	99	112	
80	112	93	
93	112	99	
80	96	102	
80	102	112	
80	112	96	
96	112	102	
80	99	102	
80	102	112	
80	112	99	
99	112	102	
81	91	94	
81	94	113	
81	113	91	
91	113	94	
81	91	97	
81	97	113	
81	113	91	
91	113	97	
81	94	100	
81	100	113	
81	113	94	
94	113	100	
81	97	103	
81	103	113	
81	113	97	
97	113	103	
81	100	103	
81	103	113	
81	113	100	
100	113	103	
82	92	94	
82	94	114	
82	114	92	
92	114	94	
82	92	98	
82	98	114	
82	114	92	
92	114	98	
82	94	100	
82	100	114	
82	114	94	
94	114	100	
82	98	104	
82	104	114	
82	114	98	
98	114	104	
82	100	104	
82	104	114	
82	114	100	
100	114	104	
83	95	97	
83	97	115	
83	115	95	
95	115	97	
83	95	101	
83	101	115	
83	115	95	
95	115	101	
83	97	103	
83	103	115	
83	115	97	
97	115	103	
83	101	105	
83	105	115	
83	115	101	
101	115	105	
83	103	105	
83	105	115	
83	115	103	
103	115	105	
84	96	98	
84	98	116	
84	116	96	
96	116	98	
84	96	102	
84	102	116	
84	116	96	
96	116	102	
84	98	104	
84	104	116	
84	116	98	
98	116	104	
84	102	106	
84	106	116	
84	116	102	
102	116	106	
84	104	106	
84	106	116	
84	116	104	
104	116	106	
85	99	101	
85	101	117	
85	117	99	
99	117	101	
85	99	102	
85	102	117	
85	117	99	
99	117	102	
85	101	105	
85	105	117	
85	117	101	
101	117	105	
85	102	106	
85	106	117	
85	117	102	
102	117	106	
85	105	106	
85	106	117	
85	117	105	
105	117	106	
86	100	103	
86	103	118	
86	118	100	
100	118	103	
86	100	104	
86	104	118	
86	118	100	
100	118	104	
86	103	105	
86	105	118	
86	118	103	
103	118	105	
86	104	106	
86	106	118	
86	118	104	
104	118	106	
86	105	106	
86	106	118	
86	118	105	
105	118	106	
87	88	107	
87	107	108	
87	108	88	
88	108	107	
87	89	107	
87	107	109	
87	109	89	
89	109	107	
87	91	108	
87	108	109	
87	109	91	
91	109	108	
87	107	108	
87	108	109	
87	109	107	
107	109	108	
88	90	107	
88	107	110	
88	110	90	
90	110	107	
88	92	108	
88	108	110	
88	110	92	
92	110	108	
88	107	108	
88	108	110	
88	110	107	
107	110	108	
89	93	107	
89	107	111	
89	111	93	
93	111	107	
89	95	109	
89	109	111	
89	111	95	
95	111	109	
89	107	109	
89	109	111	
89	111	107	
107	111	109	
90	93	107	
90	107	112	
90	112	93	
93	112	107	
90	96	110	
90	110	112	
90	112	96	
96	112	110	
90	107	110	
90	110	112	
90	112	107	
107	112	110	
91	94	108	
91	108	113	
91	113	94	
94	113	108	
91	97	109	
91	109	113	
91	113	97	
97	113	109	
91	108	109	
91	109	113	
91	113	108	
108	113	109	
92	94	108	
92	108	114	
92	114	94	
94	114	108	
92	98	110	
92	110	114	
92	114	98	
98	114	110	
92	108	110	
92	110	114	
92	114	108	
108	114	110	
93	99	111	
93	111	112	
93	112	99	
99	112	111	
93	107	111	
93	111	112	
93	112	107	
107	112	111	
94	100	113	
94	113	114	
94	114	100	
100	114	113	
94	108	113	
94	113	114	
94	114	108	
108	114	113	
95	97	109	
95	109	115	
95	115	97	
97	115	109	
95	101	111	
95	111	115	
95	115	101	
101	115	111	
95	109	111	
95	111	115	
95	115	109	
109	115	111	
96	98	110	
96	110	116	
96	116	98	
98	116	110	
96	102	112	
96	112	116	
96	116	102	
102	116	112	
96	110	112	
96	112	116	
96	116	110	
110	116	112	
97	103	113	
97	113	115	
97	115	103	
103	115	113	
97	109	113	
97	113	115	
97	115	109	
109	115	113	
98	104	114	
98	114	116	
98	116	104	
104	116	114	
98	110	114	
98	114	116	
98	116	110	
110	116	114	
99	101	111	
99	111	117	
99	117	101	
101	117	111	
99	102	112	
99	112	117	
99	117	102	
102	117	112	
99	111	112	
99	112	117	
99	117	111	
111	117	112	
100	103	113	
100	113	118	
100	118	103	
103	118	113	
100	104	114	
100	114	118	
100	118	104	
104	118	114	
100	113	114	
100	114	118	
100	118	113	
113	118	114	
101	105	115	
101	115	117	
101	117	105	
105	117	115	
101	111	115	
101	115	117	
101	117	111	
111	117	115	
102	106	116	
102	116	117	
102	117	106	
106	117	116	
102	112	116	
102	116	117	
102	117	112	
112	117	116	
103	105	115	
103	115	118	
103	118	105	
105	118	115	
103	113	115	
103	115	118	
103	118	113	
113	118	115	
104	106	116	
104	116	118	
104	118	106	
106	118	116	
104	114	116	
104	116	118	
104	118	114	
114	118	116	
105	106	117	
105	117	118	
105	118	106	
106	118	117	
105	115	117	
105	117	118	
105	118	115	
115	118	117	
106	116	117	
106	117	118	
106	118	116	
116	118	117	
107	108	109	
107	109	119	
107	119	108	
108	119	109	
107	108	110	
107	110	119	
107	119	108	
108	119	110	
107	109	111	
107	111	119	
107	119	109	
109	119	111	
107	110	112	
107	112	119	
107	119	110	
110	119	112	
107	111	112	
107	112	119	
107	119	111	
111	119	112	
108	109	113	
108	113	119	
108	119	109	
109	119	113	
108	110	114	
108	114	119	
108	119	110	
110	119	114	
108	113	114	
108	114	119	
108	119	113	
113	119	114	
109	111	115	
109	115	119	
109	119	111	
111	119	115	
109	113	115	
109	115	119	
109	119	113	
113	119	115	
110	112	116	
110	116	119	
110	119	112	
112	119	116	
110	114	116	
110	116	119	
110	119	114	
114	119	116	
111	112	117	
111	117	119	
111	119	112	
112	119	117	
111	115	117	
111	117	119	
111	119	115	
115	119	117	
112	116	117	
112	117	119	
112	119	116	
116	119	117	
113	114	118	
113	118	119	
113	119	114	
114	119	118	
113	115	118	
113	118	119	
113	119	115	
115	119	118	
114	116	118	
114	118	119	
114	119	116	
116	119	118	
115	117	118	
115	118	119	
115	119	117	
117	119	118	
116	117	118	
116	118	119	
116	119	117	
117	119	118
