 0.0000000000  0.0000000000  0.0000000000 -1.0000000000
 0.0000000000 -0.3090169944 -0.5000000000 -0.8090169944
 0.0000000000  0.3090169944 -0.5000000000 -0.8090169944
-0.5000000000  0.0000000000 -0.3090169944 -0.8090169944
 0.5000000000  0.0000000000 -0.3090169944 -0.8090169944
-0.3090169944 -0.5000000000  0.0000000000 -0.8090169944
 0.3090169944 -0.5000000000  0.0000000000 -0.8090169944
-0.3090169944  0.5000000000  0.0000000000 -0.8090169944
 0.3090169944  0.5000000000  0.0000000000 -0.8090169944
-0.5000000000  0.0000000000  0.3090169944 -0.8090169944
 0.5000000000  0.0000000000  0.3090169944 -0.8090169944
 0.0000000000 -0.3090169944  0.5000000000 -0.8090169944
 0.0000000000  0.3090169944  0.5000000000 -0.8090169944
-0.3090169944  0.0000000000 -0.8090169944 -0.5000000000
 0.3090169944  0.0000000000 -0.8090169944 -0.5000000000
-0.5000000000 -0.5000000000 -0.5000000000 -0.5000000000
 0.5000000000 -0.5000000000 -0.5000000000 -0.5000000000
-0.5000000000  0.5000000000 -0.5000000000 -0.5000000000
 0.5000000000  0.5000000000 -0.5000000000 -0.5000000000
 0.0000000000 -0.8090169944 -0.3090169944 -0.5000000000
 0.0000000000  0.8090169944 -0.3090169944 -0.5000000000
-0.8090169944 -0.3090169944  0.0000000000 -0.5000000000
 0.8090169944 -0.3090169944  0.0000000000 -0.5000000000
-0.8090169944  0.3090169944  0.0000000000 -0.5000000000
 0.8090169944  0.3090169944  0.0000000000 -0.5000000000
 0.0000000000 -0.8090169944  0.3090169944 -0.5000000000
 0.0000000000  0.8090169944  0.3090169944 -0.5000000000
-0.5000000000 -0.5000000000  0.5000000000 -0.5000000000
 0.5000000000 -0.5000000000  0.5000000000 -0.5000000000
-0.5000000000  0.5000000000  0.5000000000 -0.5000000000
 0.5000000000  0.5000000000  0.5000000000 -0.5000000000
-0.3090169944  0.0000000000  0.8090169944 -0.5000000000
 0.3090169944  0.0000000000  0.8090169944 -0.5000000000
 0.0000000000 -0.5000000000 -0.8090169944 -0.3090169944
 0.0000000000  0.5000000000 -0.8090169944 -0.3090169944
-0.8090169944  0.0000000000 -0.5000000000 -0.3090169944
 0.8090169944  0.0000000000 -0.5000000000 -0.3090169944
-0.5000000000 -0.8090169944  0.0000000000 -0.3090169944
 0.5000000000 -0.8090169944  0.0000000000 -0.3090169944
-0.5000000000  0.8090169944  0.0000000000 -0.3090169944
 0.5000000000  0.8090169944  0.0000000000 -0.3090169944
-0.8090169944  0.0000000000  0.5000000000 -0.3090169944
 0.8090169944  0.0000000000  0.5000000000 -0.3090169944
 0.0000000000 -0.5000000000  0.8090169944 -0.3090169944
 0.0000000000  0.5000000000  0.8090169944 -0.3090169944
 0.0000000000  0.0000000000 -1.0000000000  0.0000000000
-0.5000000000 -0.3090169944 -0.8090169944  0.0000000000
 0.5000000000 -0.3090169944 -0.8090169944  0.0000000000
-0.5000000000  0.3090169944 -0.8090169944  0.0000000000
 0.5000000000  0.3090169944 -0.8090169944  0.0000000000
-0.3090169944 -0.8090169944 -0.5000000000  0.0000000000
 0.3090169944 -0.8090169944 -0.5000000000  0.0000000000
-0.3090169944  0.8090169944 -0.5000000000  0.0000000000
 0.3090169944  0.8090169944 -0.5000000000  0.0000000000
-0.8090169944 -0.5000000000 -0.3090169944  0.0000000000
 0.8090169944 -0.5000000000 -0.3090169944  0.0000000000
-0.8090169944  0.5000000000 -0.3090169944  0.0000000000
 0.8090169944  0.5000000000 -0.3090169944  0.0000000000
 0.0000000000 -1.0000000000  0.0000000000  0.0000000000
-1.0000000000  0.0000000000  0.0000000000  0.0000000000
 1.0000000000  0.0000000000  0.0000000000  0.0000000000
 0.0000000000  1.0000000000  0.0000000000  0.0000000000
-0.8090169944 -0.5000000000  0.3090169944  0.0000000000
 0.8090169944 -0.5000000000  0.3090169944  0.0000000000
-0.8090169944  0.5000000000  0.3090169944  0.0000000000
 0.8090169944  0.5000000000  0.3090169944  0.0000000000
-0.3090169944 -0.8090169944  0.5000000000  0.0000000000
 0.3090169944 -0.8090169944  0.5000000000  0.0000000000
-0.3090169944  0.8090169944  0.5000000000  0.0000000000
 0.3090169944  0.8090169944  0.5000000000  0.0000000000
-0.5000000000 -0.3090169944  0.8090169944  0.0000000000
 0.5000000000 -0.3090169944  0.8090169944  0.0000000000
-0.5000000000  0.3090169944  0.8090169944  0.0000000000
 0.5000000000  0.3090169944  0.8090169944  0.0000000000
 0.0000000000  0.0000000000  1.0000000000  0.0000000000
 0.0000000000 -0.5000000000 -0.8090169944  0.3090169944
 0.0000000000  0.5000000000 -0.8090169944  0.3090169944
-0.8090169944  0.0000000000 -0.5000000000  0.3090169944
 0.8090169944  0.0000000000 -0.5000000000  0.3090169944
-0.5000000000 -0.8090169944  0.0000000000  0.3090169944
 0.5000000000 -0.8090169944  0.0000000000  0.3090169944
-0.5000000000  0.8090169944  0.0000000000  0.3090169944
 0.5000000000  0.8090169944  0.0000000000  0.3090169944
-0.8090169944  0.0000000000  0.5000000000  0.3090169944
 0.8090169944  0.0000000000  0.5000000000  0.3090169944
 0.0000000000 -0.5000000000  0.8090169944  0.3090169944
 0.0000000000  0.5000000000  0.8090169944  0.3090169944
-0.3090169944  0.0000000000 -0.8090169944  0.5000000000
 0.3090169944  0.0000000000 -0.8090169944  0.5000000000
-0.5000000000 -0.5000000000 -0.5000000000  0.5000000000
 0.5000000000 -0.5000000000 -0.5000000000  0.5000000000
-0.5000000000  0.5000000000 -0.5000000000  0.5000000000
 0.5000000000  0.5000000000 -0.5000000000  0.5000000000
 0.0000000000 -0.8090169944 -0.3090169944  0.5000000000
 0.0000000000  0.8090169944 -0.3090169944  0.5000000000
-0.8090169944 -0.3090169944  0.0000000000  0.5000000000
 0.8090169944 -0.3090169944  0.0000000000  0.5000000000
-0.8090169944  0.3090169944  0.0000000000  0.5000000000
 0.8090169944  0.3090169944  0.0000000000  0.5000000000
 0.0000000000 -0.8090169944  0.3090169944  0.5000000000
 0.0000000000  0.8090169944  0.3090169944  0.5000000000
-0.5000000000 -0.5000000000  0.5000000000  0.5000000000
 0.5000000000 -0.5000000000  0.5000000000  0.5000000000
-0.5000000000  0.5000000000  0.5000000000  0.5000000000
 0.5000000000  0.5000000000  0.5000000000  0.5000000000
-0.3090169944  0.0000000000  0.8090169944  0.5000000000
 0.3090169944  0.0000000000  0.8090169944  0.5000000000
 0.0000000000 -0.3090169944 -0.5000000000  0.8090169944
 0.0000000000  0.3090169944 -0.5000000000  0.8090169944
-0.5000000000  0.0000000000 -0.3090169944  0.8090169944
 0.5000000000  0.0000000000 -0.3090169944  0.8090169944
-0.3090169944 -0.5000000000  0.0000000000  0.8090169944
 0.3090169944 -0.5000000000  0.0000000000  0.8090169944
-0.3090169944  0.5000000000  0.0000000000  0.8090169944
 0.3090169944  0.5000000000  0.0000000000  0.8090169944
-0.5000000000  0.0000000000  0.3090169944  0.8090169944
 0.5000000000  0.0000000000  0.3090169944  0.8090169944
 0.0000000000 -0.3090169944  0.5000000000  0.8090169944
 0.0000000000  0.3090169944  0.5000000000  0.8090169944
 0.0000000000  0.0000000000  0.0000000000  1.0000000000
