 0.0000000000  -0.3819660113  -1.0000000000 -2.6180339887
 0.0000000000   0.3819660113  -1.0000000000 -2.6180339887
-0.6180339887  -0.6180339887  -0.6180339887 -2.6180339887
 0.6180339887  -0.6180339887  -0.6180339887 -2.6180339887
-0.6180339887   0.6180339887  -0.6180339887 -2.6180339887
 0.6180339887   0.6180339887  -0.6180339887 -2.6180339887
-1.0000000000   0.0000000000  -0.3819660113 -2.6180339887
 1.0000000000   0.0000000000  -0.3819660113 -2.6180339887
-0.3819660113  -1.0000000000   0.0000000000 -2.6180339887
 0.3819660113  -1.0000000000   0.0000000000 -2.6180339887
-0.3819660113   1.0000000000   0.0000000000 -2.6180339887
 0.3819660113   1.0000000000   0.0000000000 -2.6180339887
-1.0000000000   0.0000000000   0.3819660113 -2.6180339887
 1.0000000000   0.0000000000   0.3819660113 -2.6180339887
-0.6180339887  -0.6180339887   0.6180339887 -2.6180339887
 0.6180339887  -0.6180339887   0.6180339887 -2.6180339887
-0.6180339887   0.6180339887   0.6180339887 -2.6180339887
 0.6180339887   0.6180339887   0.6180339887 -2.6180339887
 0.0000000000  -0.3819660113   1.0000000000 -2.6180339887
 0.0000000000   0.3819660113   1.0000000000 -2.6180339887
 0.0000000000  -0.6180339887  -1.6180339887 -2.2360679775
 0.0000000000   0.6180339887  -1.6180339887 -2.2360679775
-1.0000000000  -1.0000000000  -1.0000000000 -2.2360679775
 1.0000000000  -1.0000000000  -1.0000000000 -2.2360679775
-1.0000000000   1.0000000000  -1.0000000000 -2.2360679775
 1.0000000000   1.0000000000  -1.0000000000 -2.2360679775
-1.6180339887   0.0000000000  -0.6180339887 -2.2360679775
 1.6180339887   0.0000000000  -0.6180339887 -2.2360679775
-0.6180339887  -1.6180339887   0.0000000000 -2.2360679775
 0.6180339887  -1.6180339887   0.0000000000 -2.2360679775
-0.6180339887   1.6180339887   0.0000000000 -2.2360679775
 0.6180339887   1.6180339887   0.0000000000 -2.2360679775
-1.6180339887   0.0000000000   0.6180339887 -2.2360679775
 1.6180339887   0.0000000000   0.6180339887 -2.2360679775
-1.0000000000  -1.0000000000   1.0000000000 -2.2360679775
 1.0000000000  -1.0000000000   1.0000000000 -2.2360679775
-1.0000000000   1.0000000000   1.0000000000 -2.2360679775
 1.0000000000   1.0000000000   1.0000000000 -2.2360679775
 0.0000000000  -0.6180339887   1.6180339887 -2.2360679775
 0.0000000000   0.6180339887   1.6180339887 -2.2360679775
 0.0000000000   0.0000000000  -2.0000000000 -2.0000000000
-0.6180339887  -1.0000000000  -1.6180339887 -2.0000000000
 0.6180339887  -1.0000000000  -1.6180339887 -2.0000000000
-0.6180339887   1.0000000000  -1.6180339887 -2.0000000000
 0.6180339887   1.0000000000  -1.6180339887 -2.0000000000
-1.6180339887  -0.6180339887  -1.0000000000 -2.0000000000
 1.6180339887  -0.6180339887  -1.0000000000 -2.0000000000
-1.6180339887   0.6180339887  -1.0000000000 -2.0000000000
 1.6180339887   0.6180339887  -1.0000000000 -2.0000000000
-1.0000000000  -1.6180339887  -0.6180339887 -2.0000000000
 1.0000000000  -1.6180339887  -0.6180339887 -2.0000000000
-1.0000000000   1.6180339887  -0.6180339887 -2.0000000000
 1.0000000000   1.6180339887  -0.6180339887 -2.0000000000
 0.0000000000  -2.0000000000   0.0000000000 -2.0000000000
-2.0000000000   0.0000000000   0.0000000000 -2.0000000000
 2.0000000000   0.0000000000   0.0000000000 -2.0000000000
 0.0000000000   2.0000000000   0.0000000000 -2.0000000000
-1.0000000000  -1.6180339887   0.6180339887 -2.0000000000
 1.0000000000  -1.6180339887   0.6180339887 -2.0000000000
-1.0000000000   1.6180339887   0.6180339887 -2.0000000000
 1.0000000000   1.6180339887   0.6180339887 -2.0000000000
-1.6180339887  -0.6180339887   1.0000000000 -2.0000000000
 1.6180339887  -0.6180339887   1.0000000000 -2.0000000000
-1.6180339887   0.6180339887   1.0000000000 -2.0000000000
 1.6180339887   0.6180339887   1.0000000000 -2.0000000000
-0.6180339887  -1.0000000000   1.6180339887 -2.0000000000
 0.6180339887  -1.0000000000   1.6180339887 -2.0000000000
-0.6180339887   1.0000000000   1.6180339887 -2.0000000000
 0.6180339887   1.0000000000   1.6180339887 -2.0000000000
 0.0000000000   0.0000000000   2.0000000000 -2.0000000000
-0.6180339887   0.0000000000  -2.2360679775 -1.6180339887
 0.6180339887   0.0000000000  -2.2360679775 -1.6180339887
-1.0000000000  -0.6180339887  -2.0000000000 -1.6180339887
 1.0000000000  -0.6180339887  -2.0000000000 -1.6180339887
-1.0000000000   0.6180339887  -2.0000000000 -1.6180339887
 1.0000000000   0.6180339887  -2.0000000000 -1.6180339887
-0.3819660113  -1.6180339887  -1.6180339887 -1.6180339887
 0.3819660113  -1.6180339887  -1.6180339887 -1.6180339887
-1.6180339887  -0.3819660113  -1.6180339887 -1.6180339887
 1.6180339887  -0.3819660113  -1.6180339887 -1.6180339887
-1.6180339887   0.3819660113  -1.6180339887 -1.6180339887
 1.6180339887   0.3819660113  -1.6180339887 -1.6180339887
-0.3819660113   1.6180339887  -1.6180339887 -1.6180339887
 0.3819660113   1.6180339887  -1.6180339887 -1.6180339887
-0.6180339887  -2.0000000000  -1.0000000000 -1.6180339887
 0.6180339887  -2.0000000000  -1.0000000000 -1.6180339887
-0.6180339887   2.0000000000  -1.0000000000 -1.6180339887
 0.6180339887   2.0000000000  -1.0000000000 -1.6180339887
 0.0000000000  -2.2360679775  -0.6180339887 -1.6180339887
-2.0000000000  -1.0000000000  -0.6180339887 -1.6180339887
 2.0000000000  -1.0000000000  -0.6180339887 -1.6180339887
-2.0000000000   1.0000000000  -0.6180339887 -1.6180339887
 2.0000000000   1.0000000000  -0.6180339887 -1.6180339887
 0.0000000000   2.2360679775  -0.6180339887 -1.6180339887
-1.6180339887  -1.6180339887  -0.3819660113 -1.6180339887
 1.6180339887  -1.6180339887  -0.3819660113 -1.6180339887
-1.6180339887   1.6180339887  -0.3819660113 -1.6180339887
 1.6180339887   1.6180339887  -0.3819660113 -1.6180339887
-2.2360679775  -0.6180339887   0.0000000000 -1.6180339887
 2.2360679775  -0.6180339887   0.0000000000 -1.6180339887
-2.2360679775   0.6180339887   0.0000000000 -1.6180339887
 2.2360679775   0.6180339887   0.0000000000 -1.6180339887
-1.6180339887  -1.6180339887   0.3819660113 -1.6180339887
 1.6180339887  -1.6180339887   0.3819660113 -1.6180339887
-1.6180339887   1.6180339887   0.3819660113 -1.6180339887
 1.6180339887   1.6180339887   0.3819660113 -1.6180339887
 0.0000000000  -2.2360679775   0.6180339887 -1.6180339887
-2.0000000000  -1.0000000000   0.6180339887 -1.6180339887
 2.0000000000  -1.0000000000   0.6180339887 -1.6180339887
-2.0000000000   1.0000000000   0.6180339887 -1.6180339887
 2.0000000000   1.0000000000   0.6180339887 -1.6180339887
 0.0000000000   2.2360679775   0.6180339887 -1.6180339887
-0.6180339887  -2.0000000000   1.0000000000 -1.6180339887
 0.6180339887  -2.0000000000   1.0000000000 -1.6180339887
-0.6180339887   2.0000000000   1.0000000000 -1.6180339887
 0.6180339887   2.0000000000   1.0000000000 -1.6180339887
-0.3819660113  -1.6180339887   1.6180339887 -1.6180339887
 0.3819660113  -1.6180339887   1.6180339887 -1.6180339887
-1.6180339887  -0.3819660113   1.6180339887 -1.6180339887
 1.6180339887  -0.3819660113   1.6180339887 -1.6180339887
-1.6180339887   0.3819660113   1.6180339887 -1.6180339887
 1.6180339887   0.3819660113   1.6180339887 -1.6180339887
-0.3819660113   1.6180339887   1.6180339887 -1.6180339887
 0.3819660113   1.6180339887   1.6180339887 -1.6180339887
-1.0000000000  -0.6180339887   2.0000000000 -1.6180339887
 1.0000000000  -0.6180339887   2.0000000000 -1.6180339887
-1.0000000000   0.6180339887   2.0000000000 -1.6180339887
 1.0000000000   0.6180339887   2.0000000000 -1.6180339887
-0.6180339887   0.0000000000   2.2360679775 -1.6180339887
 0.6180339887   0.0000000000   2.2360679775 -1.6180339887
-0.3819660113   0.0000000000  -2.6180339887 -1.0000000000
 0.3819660113   0.0000000000  -2.6180339887 -1.0000000000
-1.0000000000  -1.0000000000  -2.2360679775 -1.0000000000
 1.0000000000  -1.0000000000  -2.2360679775 -1.0000000000
-1.0000000000   1.0000000000  -2.2360679775 -1.0000000000
 1.0000000000   1.0000000000  -2.2360679775 -1.0000000000
-0.6180339887  -1.6180339887  -2.0000000000 -1.0000000000
 0.6180339887  -1.6180339887  -2.0000000000 -1.0000000000
-0.6180339887   1.6180339887  -2.0000000000 -1.0000000000
 0.6180339887   1.6180339887  -2.0000000000 -1.0000000000
-2.0000000000  -0.6180339887  -1.6180339887 -1.0000000000
 2.0000000000  -0.6180339887  -1.6180339887 -1.0000000000
-2.0000000000   0.6180339887  -1.6180339887 -1.0000000000
 2.0000000000   0.6180339887  -1.6180339887 -1.0000000000
-1.0000000000  -2.2360679775  -1.0000000000 -1.0000000000
 1.0000000000  -2.2360679775  -1.0000000000 -1.0000000000
-2.2360679775  -1.0000000000  -1.0000000000 -1.0000000000
 2.2360679775  -1.0000000000  -1.0000000000 -1.0000000000
-2.2360679775   1.0000000000  -1.0000000000 -1.0000000000
 2.2360679775   1.0000000000  -1.0000000000 -1.0000000000
-1.0000000000   2.2360679775  -1.0000000000 -1.0000000000
 1.0000000000   2.2360679775  -1.0000000000 -1.0000000000
-1.6180339887  -2.0000000000  -0.6180339887 -1.0000000000
 1.6180339887  -2.0000000000  -0.6180339887 -1.0000000000
-1.6180339887   2.0000000000  -0.6180339887 -1.0000000000
 1.6180339887   2.0000000000  -0.6180339887 -1.0000000000
 0.0000000000  -2.6180339887  -0.3819660113 -1.0000000000
 0.0000000000   2.6180339887  -0.3819660113 -1.0000000000
-2.6180339887  -0.3819660113   0.0000000000 -1.0000000000
 2.6180339887  -0.3819660113   0.0000000000 -1.0000000000
-2.6180339887   0.3819660113   0.0000000000 -1.0000000000
 2.6180339887   0.3819660113   0.0000000000 -1.0000000000
 0.0000000000  -2.6180339887   0.3819660113 -1.0000000000
 0.0000000000   2.6180339887   0.3819660113 -1.0000000000
-1.6180339887  -2.0000000000   0.6180339887 -1.0000000000
 1.6180339887  -2.0000000000   0.6180339887 -1.0000000000
-1.6180339887   2.0000000000   0.6180339887 -1.0000000000
 1.6180339887   2.0000000000   0.6180339887 -1.0000000000
-1.0000000000  -2.2360679775   1.0000000000 -1.0000000000
 1.0000000000  -2.2360679775   1.0000000000 -1.0000000000
-2.2360679775  -1.0000000000   1.0000000000 -1.0000000000
 2.2360679775  -1.0000000000   1.0000000000 -1.0000000000
-2.2360679775   1.0000000000   1.0000000000 -1.0000000000
 2.2360679775   1.0000000000   1.0000000000 -1.0000000000
-1.0000000000   2.2360679775   1.0000000000 -1.0000000000
 1.0000000000   2.2360679775   1.0000000000 -1.0000000000
-2.0000000000  -0.6180339887   1.6180339887 -1.0000000000
 2.0000000000  -0.6180339887   1.6180339887 -1.0000000000
-2.0000000000   0.6180339887   1.6180339887 -1.0000000000
 2.0000000000   0.6180339887   1.6180339887 -1.0000000000
-0.6180339887  -1.6180339887   2.0000000000 -1.0000000000
 0.6180339887  -1.6180339887   2.0000000000 -1.0000000000
-0.6180339887   1.6180339887   2.0000000000 -1.0000000000
 0.6180339887   1.6180339887   2.0000000000 -1.0000000000
-1.0000000000  -1.0000000000   2.2360679775 -1.0000000000
 1.0000000000  -1.0000000000   2.2360679775 -1.0000000000
-1.0000000000   1.0000000000   2.2360679775 -1.0000000000
 1.0000000000   1.0000000000   2.2360679775 -1.0000000000
-0.3819660113   0.0000000000   2.6180339887 -1.0000000000
 0.3819660113   0.0000000000   2.6180339887 -1.0000000000
-0.6180339887  -0.6180339887  -2.6180339887 -0.6180339887
 0.6180339887  -0.6180339887  -2.6180339887 -0.6180339887
-0.6180339887   0.6180339887  -2.6180339887 -0.6180339887
 0.6180339887   0.6180339887  -2.6180339887 -0.6180339887
 0.0000000000  -1.6180339887  -2.2360679775 -0.6180339887
 0.0000000000   1.6180339887  -2.2360679775 -0.6180339887
-1.6180339887  -1.0000000000  -2.0000000000 -0.6180339887
 1.6180339887  -1.0000000000  -2.0000000000 -0.6180339887
-1.6180339887   1.0000000000  -2.0000000000 -0.6180339887
 1.6180339887   1.0000000000  -2.0000000000 -0.6180339887
-1.0000000000  -2.0000000000  -1.6180339887 -0.6180339887
 1.0000000000  -2.0000000000  -1.6180339887 -0.6180339887
-2.2360679775   0.0000000000  -1.6180339887 -0.6180339887
 2.2360679775   0.0000000000  -1.6180339887 -0.6180339887
-1.0000000000   2.0000000000  -1.6180339887 -0.6180339887
 1.0000000000   2.0000000000  -1.6180339887 -0.6180339887
-2.0000000000  -1.6180339887  -1.0000000000 -0.6180339887
 2.0000000000  -1.6180339887  -1.0000000000 -0.6180339887
-2.0000000000   1.6180339887  -1.0000000000 -0.6180339887
 2.0000000000   1.6180339887  -1.0000000000 -0.6180339887
-0.6180339887  -2.6180339887  -0.6180339887 -0.6180339887
 0.6180339887  -2.6180339887  -0.6180339887 -0.6180339887
-2.6180339887  -0.6180339887  -0.6180339887 -0.6180339887
 2.6180339887  -0.6180339887  -0.6180339887 -0.6180339887
-2.6180339887   0.6180339887  -0.6180339887 -0.6180339887
 2.6180339887   0.6180339887  -0.6180339887 -0.6180339887
-0.6180339887   2.6180339887  -0.6180339887 -0.6180339887
 0.6180339887   2.6180339887  -0.6180339887 -0.6180339887
-1.6180339887  -2.2360679775   0.0000000000 -0.6180339887
 1.6180339887  -2.2360679775   0.0000000000 -0.6180339887
-1.6180339887   2.2360679775   0.0000000000 -0.6180339887
 1.6180339887   2.2360679775   0.0000000000 -0.6180339887
-0.6180339887  -2.6180339887   0.6180339887 -0.6180339887
 0.6180339887  -2.6180339887   0.6180339887 -0.6180339887
-2.6180339887  -0.6180339887   0.6180339887 -0.6180339887
 2.6180339887  -0.6180339887   0.6180339887 -0.6180339887
-2.6180339887   0.6180339887   0.6180339887 -0.6180339887
 2.6180339887   0.6180339887   0.6180339887 -0.6180339887
-0.6180339887   2.6180339887   0.6180339887 -0.6180339887
 0.6180339887   2.6180339887   0.6180339887 -0.6180339887
-2.0000000000  -1.6180339887   1.0000000000 -0.6180339887
 2.0000000000  -1.6180339887   1.0000000000 -0.6180339887
-2.0000000000   1.6180339887   1.0000000000 -0.6180339887
 2.0000000000   1.6180339887   1.0000000000 -0.6180339887
-1.0000000000  -2.0000000000   1.6180339887 -0.6180339887
 1.0000000000  -2.0000000000   1.6180339887 -0.6180339887
-2.2360679775   0.0000000000   1.6180339887 -0.6180339887
 2.2360679775   0.0000000000   1.6180339887 -0.6180339887
-1.0000000000   2.0000000000   1.6180339887 -0.6180339887
 1.0000000000   2.0000000000   1.6180339887 -0.6180339887
-1.6180339887  -1.0000000000   2.0000000000 -0.6180339887
 1.6180339887  -1.0000000000   2.0000000000 -0.6180339887
-1.6180339887   1.0000000000   2.0000000000 -0.6180339887
 1.6180339887   1.0000000000   2.0000000000 -0.6180339887
 0.0000000000  -1.6180339887   2.2360679775 -0.6180339887
 0.0000000000   1.6180339887   2.2360679775 -0.6180339887
-0.6180339887  -0.6180339887   2.6180339887 -0.6180339887
 0.6180339887  -0.6180339887   2.6180339887 -0.6180339887
-0.6180339887   0.6180339887   2.6180339887 -0.6180339887
 0.6180339887   0.6180339887   2.6180339887 -0.6180339887
 0.0000000000  -1.0000000000  -2.6180339887 -0.3819660113
 0.0000000000   1.0000000000  -2.6180339887 -0.3819660113
-1.6180339887  -1.6180339887  -1.6180339887 -0.3819660113
 1.6180339887  -1.6180339887  -1.6180339887 -0.3819660113
-1.6180339887   1.6180339887  -1.6180339887 -0.3819660113
 1.6180339887   1.6180339887  -1.6180339887 -0.3819660113
-2.6180339887   0.0000000000  -1.0000000000 -0.3819660113
 2.6180339887   0.0000000000  -1.0000000000 -0.3819660113
-1.0000000000  -2.6180339887   0.0000000000 -0.3819660113
 1.0000000000  -2.6180339887   0.0000000000 -0.3819660113
-1.0000000000   2.6180339887   0.0000000000 -0.3819660113
 1.0000000000   2.6180339887   0.0000000000 -0.3819660113
-2.6180339887   0.0000000000   1.0000000000 -0.3819660113
 2.6180339887   0.0000000000   1.0000000000 -0.3819660113
-1.6180339887  -1.6180339887   1.6180339887 -0.3819660113
 1.6180339887  -1.6180339887   1.6180339887 -0.3819660113
-1.6180339887   1.6180339887   1.6180339887 -0.3819660113
 1.6180339887   1.6180339887   1.6180339887 -0.3819660113
 0.0000000000  -1.0000000000   2.6180339887 -0.3819660113
 0.0000000000   1.0000000000   2.6180339887 -0.3819660113
-1.0000000000  -0.3819660113  -2.6180339887  0.0000000000
 1.0000000000  -0.3819660113  -2.6180339887  0.0000000000
-1.0000000000   0.3819660113  -2.6180339887  0.0000000000
 1.0000000000   0.3819660113  -2.6180339887  0.0000000000
-1.6180339887  -0.6180339887  -2.2360679775  0.0000000000
 1.6180339887  -0.6180339887  -2.2360679775  0.0000000000
-1.6180339887   0.6180339887  -2.2360679775  0.0000000000
 1.6180339887   0.6180339887  -2.2360679775  0.0000000000
 0.0000000000  -2.0000000000  -2.0000000000  0.0000000000
-2.0000000000   0.0000000000  -2.0000000000  0.0000000000
 2.0000000000   0.0000000000  -2.0000000000  0.0000000000
 0.0000000000   2.0000000000  -2.0000000000  0.0000000000
-0.6180339887  -2.2360679775  -1.6180339887  0.0000000000
 0.6180339887  -2.2360679775  -1.6180339887  0.0000000000
-0.6180339887   2.2360679775  -1.6180339887  0.0000000000
 0.6180339887   2.2360679775  -1.6180339887  0.0000000000
-0.3819660113  -2.6180339887  -1.0000000000  0.0000000000
 0.3819660113  -2.6180339887  -1.0000000000  0.0000000000
-0.3819660113   2.6180339887  -1.0000000000  0.0000000000
 0.3819660113   2.6180339887  -1.0000000000  0.0000000000
-2.2360679775  -1.6180339887  -0.6180339887  0.0000000000
 2.2360679775  -1.6180339887  -0.6180339887  0.0000000000
-2.2360679775   1.6180339887  -0.6180339887  0.0000000000
 2.2360679775   1.6180339887  -0.6180339887  0.0000000000
-2.6180339887  -1.0000000000  -0.3819660113  0.0000000000
 2.6180339887  -1.0000000000  -0.3819660113  0.0000000000
-2.6180339887   1.0000000000  -0.3819660113  0.0000000000
 2.6180339887   1.0000000000  -0.3819660113  0.0000000000
-2.0000000000  -2.0000000000   0.0000000000  0.0000000000
 2.0000000000  -2.0000000000   0.0000000000  0.0000000000
-2.0000000000   2.0000000000   0.0000000000  0.0000000000
 2.0000000000   2.0000000000   0.0000000000  0.0000000000
-2.6180339887  -1.0000000000   0.3819660113  0.0000000000
 2.6180339887  -1.0000000000   0.3819660113  0.0000000000
-2.6180339887   1.0000000000   0.3819660113  0.0000000000
 2.6180339887   1.0000000000   0.3819660113  0.0000000000
-2.2360679775  -1.6180339887   0.6180339887  0.0000000000
 2.2360679775  -1.6180339887   0.6180339887  0.0000000000
-2.2360679775   1.6180339887   0.6180339887  0.0000000000
 2.2360679775   1.6180339887   0.6180339887  0.0000000000
-0.3819660113  -2.6180339887   1.0000000000  0.0000000000
 0.3819660113  -2.6180339887   1.0000000000  0.0000000000
-0.3819660113   2.6180339887   1.0000000000  0.0000000000
 0.3819660113   2.6180339887   1.0000000000  0.0000000000
-0.6180339887  -2.2360679775   1.6180339887  0.0000000000
 0.6180339887  -2.2360679775   1.6180339887  0.0000000000
-0.6180339887   2.2360679775   1.6180339887  0.0000000000
 0.6180339887   2.2360679775   1.6180339887  0.0000000000
 0.0000000000  -2.0000000000   2.0000000000  0.0000000000
-2.0000000000   0.0000000000   2.0000000000  0.0000000000
 2.0000000000   0.0000000000   2.0000000000  0.0000000000
 0.0000000000   2.0000000000   2.0000000000  0.0000000000
-1.6180339887  -0.6180339887   2.2360679775  0.0000000000
 1.6180339887  -0.6180339887   2.2360679775  0.0000000000
-1.6180339887   0.6180339887   2.2360679775  0.0000000000
 1.6180339887   0.6180339887   2.2360679775  0.0000000000
-1.0000000000  -0.3819660113   2.6180339887  0.0000000000
 1.0000000000  -0.3819660113   2.6180339887  0.0000000000
-1.0000000000   0.3819660113   2.6180339887  0.0000000000
 1.0000000000   0.3819660113   2.6180339887  0.0000000000
 0.0000000000  -1.0000000000  -2.6180339887  0.3819660113
 0.0000000000   1.0000000000  -2.6180339887  0.3819660113
-1.6180339887  -1.6180339887  -1.6180339887  0.3819660113
 1.6180339887  -1.6180339887  -1.6180339887  0.3819660113
-1.6180339887   1.6180339887  -1.6180339887  0.3819660113
 1.6180339887   1.6180339887  -1.6180339887  0.3819660113
-2.6180339887   0.0000000000  -1.0000000000  0.3819660113
 2.6180339887   0.0000000000  -1.0000000000  0.3819660113
-1.0000000000  -2.6180339887   0.0000000000  0.3819660113
 1.0000000000  -2.6180339887   0.0000000000  0.3819660113
-1.0000000000   2.6180339887   0.0000000000  0.3819660113
 1.0000000000   2.6180339887   0.0000000000  0.3819660113
-2.6180339887   0.0000000000   1.0000000000  0.3819660113
 2.6180339887   0.0000000000   1.0000000000  0.3819660113
-1.6180339887  -1.6180339887   1.6180339887  0.3819660113
 1.6180339887  -1.6180339887   1.6180339887  0.3819660113
-1.6180339887   1.6180339887   1.6180339887  0.3819660113
 1.6180339887   1.6180339887   1.6180339887  0.3819660113
 0.0000000000  -1.0000000000   2.6180339887  0.3819660113
 0.0000000000   1.0000000000   2.6180339887  0.3819660113
-0.6180339887  -0.6180339887  -2.6180339887  0.6180339887
 0.6180339887  -0.6180339887  -2.6180339887  0.6180339887
-0.6180339887   0.6180339887  -2.6180339887  0.6180339887
 0.6180339887   0.6180339887  -2.6180339887  0.6180339887
 0.0000000000  -1.6180339887  -2.2360679775  0.6180339887
 0.0000000000   1.6180339887  -2.2360679775  0.6180339887
-1.6180339887  -1.0000000000  -2.0000000000  0.6180339887
 1.6180339887  -1.0000000000  -2.0000000000  0.6180339887
-1.6180339887   1.0000000000  -2.0000000000  0.6180339887
 1.6180339887   1.0000000000  -2.0000000000  0.6180339887
-1.0000000000  -2.0000000000  -1.6180339887  0.6180339887
 1.0000000000  -2.0000000000  -1.6180339887  0.6180339887
-2.2360679775   0.0000000000  -1.6180339887  0.6180339887
 2.2360679775   0.0000000000  -1.6180339887  0.6180339887
-1.0000000000   2.0000000000  -1.6180339887  0.6180339887
 1.0000000000   2.0000000000  -1.6180339887  0.6180339887
-2.0000000000  -1.6180339887  -1.0000000000  0.6180339887
 2.0000000000  -1.6180339887  -1.0000000000  0.6180339887
-2.0000000000   1.6180339887  -1.0000000000  0.6180339887
 2.0000000000   1.6180339887  -1.0000000000  0.6180339887
-0.6180339887  -2.6180339887  -0.6180339887  0.6180339887
 0.6180339887  -2.6180339887  -0.6180339887  0.6180339887
-2.6180339887  -0.6180339887  -0.6180339887  0.6180339887
 2.6180339887  -0.6180339887  -0.6180339887  0.6180339887
-2.6180339887   0.6180339887  -0.6180339887  0.6180339887
 2.6180339887   0.6180339887  -0.6180339887  0.6180339887
-0.6180339887   2.6180339887  -0.6180339887  0.6180339887
 0.6180339887   2.6180339887  -0.6180339887  0.6180339887
-1.6180339887  -2.2360679775   0.0000000000  0.6180339887
 1.6180339887  -2.2360679775   0.0000000000  0.6180339887
-1.6180339887   2.2360679775   0.0000000000  0.6180339887
 1.6180339887   2.2360679775   0.0000000000  0.6180339887
-0.6180339887  -2.6180339887   0.6180339887  0.6180339887
 0.6180339887  -2.6180339887   0.6180339887  0.6180339887
-2.6180339887  -0.6180339887   0.6180339887  0.6180339887
 2.6180339887  -0.6180339887   0.6180339887  0.6180339887
-2.6180339887   0.6180339887   0.6180339887  0.6180339887
 2.6180339887   0.6180339887   0.6180339887  0.6180339887
-0.6180339887   2.6180339887   0.6180339887  0.6180339887
 0.6180339887   2.6180339887   0.6180339887  0.6180339887
-2.0000000000  -1.6180339887   1.0000000000  0.6180339887
 2.0000000000  -1.6180339887   1.0000000000  0.6180339887
-2.0000000000   1.6180339887   1.0000000000  0.6180339887
 2.0000000000   1.6180339887   1.0000000000  0.6180339887
-1.0000000000  -2.0000000000   1.6180339887  0.6180339887
 1.0000000000  -2.0000000000   1.6180339887  0.6180339887
-2.2360679775   0.0000000000   1.6180339887  0.6180339887
 2.2360679775   0.0000000000   1.6180339887  0.6180339887
-1.0000000000   2.0000000000   1.6180339887  0.6180339887
 1.0000000000   2.0000000000   1.6180339887  0.6180339887
-1.6180339887  -1.0000000000   2.0000000000  0.6180339887
 1.6180339887  -1.0000000000   2.0000000000  0.6180339887
-1.6180339887   1.0000000000   2.0000000000  0.6180339887
 1.6180339887   1.0000000000   2.0000000000  0.6180339887
 0.0000000000  -1.6180339887   2.2360679775  0.6180339887
 0.0000000000   1.6180339887   2.2360679775  0.6180339887
-0.6180339887  -0.6180339887   2.6180339887  0.6180339887
 0.6180339887  -0.6180339887   2.6180339887  0.6180339887
-0.6180339887   0.6180339887   2.6180339887  0.6180339887
 0.6180339887   0.6180339887   2.6180339887  0.6180339887
-0.3819660113   0.0000000000  -2.6180339887  1.0000000000
 0.3819660113   0.0000000000  -2.6180339887  1.0000000000
-1.0000000000  -1.0000000000  -2.2360679775  1.0000000000
 1.0000000000  -1.0000000000  -2.2360679775  1.0000000000
-1.0000000000   1.0000000000  -2.2360679775  1.0000000000
 1.0000000000   1.0000000000  -2.2360679775  1.0000000000
-0.6180339887  -1.6180339887  -2.0000000000  1.0000000000
 0.6180339887  -1.6180339887  -2.0000000000  1.0000000000
-0.6180339887   1.6180339887  -2.0000000000  1.0000000000
 0.6180339887   1.6180339887  -2.0000000000  1.0000000000
-2.0000000000  -0.6180339887  -1.6180339887  1.0000000000
 2.0000000000  -0.6180339887  -1.6180339887  1.0000000000
-2.0000000000   0.6180339887  -1.6180339887  1.0000000000
 2.0000000000   0.6180339887  -1.6180339887  1.0000000000
-1.0000000000  -2.2360679775  -1.0000000000  1.0000000000
 1.0000000000  -2.2360679775  -1.0000000000  1.0000000000
-2.2360679775  -1.0000000000  -1.0000000000  1.0000000000
 2.2360679775  -1.0000000000  -1.0000000000  1.0000000000
-2.2360679775   1.0000000000  -1.0000000000  1.0000000000
 2.2360679775   1.0000000000  -1.0000000000  1.0000000000
-1.0000000000   2.2360679775  -1.0000000000  1.0000000000
 1.0000000000   2.2360679775  -1.0000000000  1.0000000000
-1.6180339887  -2.0000000000  -0.6180339887  1.0000000000
 1.6180339887  -2.0000000000  -0.6180339887  1.0000000000
-1.6180339887   2.0000000000  -0.6180339887  1.0000000000
 1.6180339887   2.0000000000  -0.6180339887  1.0000000000
 0.0000000000  -2.6180339887  -0.3819660113  1.0000000000
 0.0000000000   2.6180339887  -0.3819660113  1.0000000000
-2.6180339887  -0.3819660113   0.0000000000  1.0000000000
 2.6180339887  -0.3819660113   0.0000000000  1.0000000000
-2.6180339887   0.3819660113   0.0000000000  1.0000000000
 2.6180339887   0.3819660113   0.0000000000  1.0000000000
 0.0000000000  -2.6180339887   0.3819660113  1.0000000000
 0.0000000000   2.6180339887   0.3819660113  1.0000000000
-1.6180339887  -2.0000000000   0.6180339887  1.0000000000
 1.6180339887  -2.0000000000   0.6180339887  1.0000000000
-1.6180339887   2.0000000000   0.6180339887  1.0000000000
 1.6180339887   2.0000000000   0.6180339887  1.0000000000
-1.0000000000  -2.2360679775   1.0000000000  1.0000000000
 1.0000000000  -2.2360679775   1.0000000000  1.0000000000
-2.2360679775  -1.0000000000   1.0000000000  1.0000000000
 2.2360679775  -1.0000000000   1.0000000000  1.0000000000
-2.2360679775   1.0000000000   1.0000000000  1.0000000000
 2.2360679775   1.0000000000   1.0000000000  1.0000000000
-1.0000000000   2.2360679775   1.0000000000  1.0000000000
 1.0000000000   2.2360679775   1.0000000000  1.0000000000
-2.0000000000  -0.6180339887   1.6180339887  1.0000000000
 2.0000000000  -0.6180339887   1.6180339887  1.0000000000
-2.0000000000   0.6180339887   1.6180339887  1.0000000000
 2.0000000000   0.6180339887   1.6180339887  1.0000000000
-0.6180339887  -1.6180339887   2.0000000000  1.0000000000
 0.6180339887  -1.6180339887   2.0000000000  1.0000000000
-0.6180339887   1.6180339887   2.0000000000  1.0000000000
 0.6180339887   1.6180339887   2.0000000000  1.0000000000
-1.0000000000  -1.0000000000   2.2360679775  1.0000000000
 1.0000000000  -1.0000000000   2.2360679775  1.0000000000
-1.0000000000   1.0000000000   2.2360679775  1.0000000000
 1.0000000000   1.0000000000   2.2360679775  1.0000000000
-0.3819660113   0.0000000000   2.6180339887  1.0000000000
 0.3819660113   0.0000000000   2.6180339887  1.0000000000
-0.6180339887   0.0000000000  -2.2360679775  1.6180339887
 0.6180339887   0.0000000000  -2.2360679775  1.6180339887
-1.0000000000  -0.6180339887  -2.0000000000  1.6180339887
 1.0000000000  -0.6180339887  -2.0000000000  1.6180339887
-1.0000000000   0.6180339887  -2.0000000000  1.6180339887
 1.0000000000   0.6180339887  -2.0000000000  1.6180339887
-0.3819660113  -1.6180339887  -1.6180339887  1.6180339887
 0.3819660113  -1.6180339887  -1.6180339887  1.6180339887
-1.6180339887  -0.3819660113  -1.6180339887  1.6180339887
 1.6180339887  -0.3819660113  -1.6180339887  1.6180339887
-1.6180339887   0.3819660113  -1.6180339887  1.6180339887
 1.6180339887   0.3819660113  -1.6180339887  1.6180339887
-0.3819660113   1.6180339887  -1.6180339887  1.6180339887
 0.3819660113   1.6180339887  -1.6180339887  1.6180339887
-0.6180339887  -2.0000000000  -1.0000000000  1.6180339887
 0.6180339887  -2.0000000000  -1.0000000000  1.6180339887
-0.6180339887   2.0000000000  -1.0000000000  1.6180339887
 0.6180339887   2.0000000000  -1.0000000000  1.6180339887
 0.0000000000  -2.2360679775  -0.6180339887  1.6180339887
-2.0000000000  -1.0000000000  -0.6180339887  1.6180339887
 2.0000000000  -1.0000000000  -0.6180339887  1.6180339887
-2.0000000000   1.0000000000  -0.6180339887  1.6180339887
 2.0000000000   1.0000000000  -0.6180339887  1.6180339887
 0.0000000000   2.2360679775  -0.6180339887  1.6180339887
-1.6180339887  -1.6180339887  -0.3819660113  1.6180339887
 1.6180339887  -1.6180339887  -0.3819660113  1.6180339887
-1.6180339887   1.6180339887  -0.3819660113  1.6180339887
 1.6180339887   1.6180339887  -0.3819660113  1.6180339887
-2.2360679775  -0.6180339887   0.0000000000  1.6180339887
 2.2360679775  -0.6180339887   0.0000000000  1.6180339887
-2.2360679775   0.6180339887   0.0000000000  1.6180339887
 2.2360679775   0.6180339887   0.0000000000  1.6180339887
-1.6180339887  -1.6180339887   0.3819660113  1.6180339887
 1.6180339887  -1.6180339887   0.3819660113  1.6180339887
-1.6180339887   1.6180339887   0.3819660113  1.6180339887
 1.6180339887   1.6180339887   0.3819660113  1.6180339887
 0.0000000000  -2.2360679775   0.6180339887  1.6180339887
-2.0000000000  -1.0000000000   0.6180339887  1.6180339887
 2.0000000000  -1.0000000000   0.6180339887  1.6180339887
-2.0000000000   1.0000000000   0.6180339887  1.6180339887
 2.0000000000   1.0000000000   0.6180339887  1.6180339887
 0.0000000000   2.2360679775   0.6180339887  1.6180339887
-0.6180339887  -2.0000000000   1.0000000000  1.6180339887
 0.6180339887  -2.0000000000   1.0000000000  1.6180339887
-0.6180339887   2.0000000000   1.0000000000  1.6180339887
 0.6180339887   2.0000000000   1.0000000000  1.6180339887
-0.3819660113  -1.6180339887   1.6180339887  1.6180339887
 0.3819660113  -1.6180339887   1.6180339887  1.6180339887
-1.6180339887  -0.3819660113   1.6180339887  1.6180339887
 1.6180339887  -0.3819660113   1.6180339887  1.6180339887
-1.6180339887   0.3819660113   1.6180339887  1.6180339887
 1.6180339887   0.3819660113   1.6180339887  1.6180339887
-0.3819660113   1.6180339887   1.6180339887  1.6180339887
 0.3819660113   1.6180339887   1.6180339887  1.6180339887
-1.0000000000  -0.6180339887   2.0000000000  1.6180339887
 1.0000000000  -0.6180339887   2.0000000000  1.6180339887
-1.0000000000   0.6180339887   2.0000000000  1.6180339887
 1.0000000000   0.6180339887   2.0000000000  1.6180339887
-0.6180339887   0.0000000000   2.2360679775  1.6180339887
 0.6180339887   0.0000000000   2.2360679775  1.6180339887
 0.0000000000   0.0000000000  -2.0000000000  2.0000000000
-0.6180339887  -1.0000000000  -1.6180339887  2.0000000000
 0.6180339887  -1.0000000000  -1.6180339887  2.0000000000
-0.6180339887   1.0000000000  -1.6180339887  2.0000000000
 0.6180339887   1.0000000000  -1.6180339887  2.0000000000
-1.6180339887  -0.6180339887  -1.0000000000  2.0000000000
 1.6180339887  -0.6180339887  -1.0000000000  2.0000000000
-1.6180339887   0.6180339887  -1.0000000000  2.0000000000
 1.6180339887   0.6180339887  -1.0000000000  2.0000000000
-1.0000000000  -1.6180339887  -0.6180339887  2.0000000000
 1.0000000000  -1.6180339887  -0.6180339887  2.0000000000
-1.0000000000   1.6180339887  -0.6180339887  2.0000000000
 1.0000000000   1.6180339887  -0.6180339887  2.0000000000
 0.0000000000  -2.0000000000   0.0000000000  2.0000000000
-2.0000000000   0.0000000000   0.0000000000  2.0000000000
 2.0000000000   0.0000000000   0.0000000000  2.0000000000
 0.0000000000   2.0000000000   0.0000000000  2.0000000000
-1.0000000000  -1.6180339887   0.6180339887  2.0000000000
 1.0000000000  -1.6180339887   0.6180339887  2.0000000000
-1.0000000000   1.6180339887   0.6180339887  2.0000000000
 1.0000000000   1.6180339887   0.6180339887  2.0000000000
-1.6180339887  -0.6180339887   1.0000000000  2.0000000000
 1.6180339887  -0.6180339887   1.0000000000  2.0000000000
-1.6180339887   0.6180339887   1.0000000000  2.0000000000
 1.6180339887   0.6180339887   1.0000000000  2.0000000000
-0.6180339887  -1.0000000000   1.6180339887  2.0000000000
 0.6180339887  -1.0000000000   1.6180339887  2.0000000000
-0.6180339887   1.0000000000   1.6180339887  2.0000000000
 0.6180339887   1.0000000000   1.6180339887  2.0000000000
 0.0000000000   0.0000000000   2.0000000000  2.0000000000
 0.0000000000  -0.6180339887  -1.6180339887  2.2360679775
 0.0000000000   0.6180339887  -1.6180339887  2.2360679775
-1.0000000000  -1.0000000000  -1.0000000000  2.2360679775
 1.0000000000  -1.0000000000  -1.0000000000  2.2360679775
-1.0000000000   1.0000000000  -1.0000000000  2.2360679775
 1.0000000000   1.0000000000  -1.0000000000  2.2360679775
-1.6180339887   0.0000000000  -0.6180339887  2.2360679775
 1.6180339887   0.0000000000  -0.6180339887  2.2360679775
-0.6180339887  -1.6180339887   0.0000000000  2.2360679775
 0.6180339887  -1.6180339887   0.0000000000  2.2360679775
-0.6180339887   1.6180339887   0.0000000000  2.2360679775
 0.6180339887   1.6180339887   0.0000000000  2.2360679775
-1.6180339887   0.0000000000   0.6180339887  2.2360679775
 1.6180339887   0.0000000000   0.6180339887  2.2360679775
-1.0000000000  -1.0000000000   1.0000000000  2.2360679775
 1.0000000000  -1.0000000000   1.0000000000  2.2360679775
-1.0000000000   1.0000000000   1.0000000000  2.2360679775
 1.0000000000   1.0000000000   1.0000000000  2.2360679775
 0.0000000000  -0.6180339887   1.6180339887  2.2360679775
 0.0000000000   0.6180339887   1.6180339887  2.2360679775
 0.0000000000  -0.3819660113  -1.0000000000  2.6180339887
 0.0000000000   0.3819660113  -1.0000000000  2.6180339887
-0.6180339887  -0.6180339887  -0.6180339887  2.6180339887
 0.6180339887  -0.6180339887  -0.6180339887  2.6180339887
-0.6180339887   0.6180339887  -0.6180339887  2.6180339887
 0.6180339887   0.6180339887  -0.6180339887  2.6180339887
-1.0000000000   0.0000000000  -0.3819660113  2.6180339887
 1.0000000000   0.0000000000  -0.3819660113  2.6180339887
-0.3819660113  -1.0000000000   0.0000000000  2.6180339887
 0.3819660113  -1.0000000000   0.0000000000  2.6180339887
-0.3819660113   1.0000000000   0.0000000000  2.6180339887
 0.3819660113   1.0000000000   0.0000000000  2.6180339887
-1.0000000000   0.0000000000   0.3819660113  2.6180339887
 1.0000000000   0.0000000000   0.3819660113  2.6180339887
-0.6180339887  -0.6180339887   0.6180339887  2.6180339887
 0.6180339887  -0.6180339887   0.6180339887  2.6180339887
-0.6180339887   0.6180339887   0.6180339887  2.6180339887
 0.6180339887   0.6180339887   0.6180339887  2.6180339887
 0.0000000000  -0.3819660113   1.0000000000  2.6180339887
 0.0000000000   0.3819660113   1.0000000000  2.6180339887
