0	1	4	6	2	
0	3	7	5	1	
1	5	11	10	4	
4	10	16	12	6	
6	12	14	8	2	
0	2	8	9	3	
9	15	13	7	3	
7	13	17	11	5	
11	17	19	16	10	
16	19	18	14	12	
8	14	18	15	9	
18	19	17	13	15	
0	1	4	6	2	
0	20	40	21	1	
1	21	43	24	4	
4	24	47	26	6	
6	26	45	22	2	
0	2	22	41	20	
41	72	70	40	20	
40	70	74	43	21	
43	74	80	47	24	
47	80	78	45	26	
22	45	78	72	41	
78	80	74	70	72	
0	1	5	7	3	
0	20	40	21	1	
1	21	44	25	5	
5	25	48	27	7	
7	27	46	23	3	
0	3	23	42	20	
42	73	71	40	20	
40	71	75	44	21	
44	75	81	48	25	
48	81	79	46	27	
23	46	79	73	42	
79	81	75	71	73	
0	2	8	9	3	
0	20	41	22	2	
2	22	49	28	8	
8	28	53	29	9	
9	29	50	23	3	
0	3	23	42	20	
42	77	76	41	20	
41	76	84	49	22	
49	84	88	53	28	
53	88	85	50	29	
23	50	85	77	42	
85	88	84	76	77	
1	4	10	11	5	
1	21	43	24	4	
4	24	51	30	10	
10	30	56	31	11	
11	31	52	25	5	
1	5	25	44	21	
44	83	82	43	21	
43	82	86	51	24	
51	86	93	56	30	
56	93	87	52	31	
25	52	87	83	44	
87	93	86	82	83	
2	6	12	14	8	
2	22	45	26	6	
6	26	54	32	12	
12	32	61	34	14	
14	34	57	28	8	
2	8	28	49	22	
49	94	89	45	22	
45	89	98	54	26	
54	98	107	61	32	
61	107	102	57	34	
28	57	102	94	49	
102	107	98	89	94	
3	7	13	15	9	
3	23	46	27	7	
7	27	55	33	13	
13	33	62	35	15	
15	35	58	29	9	
3	9	29	50	23	
50	95	90	46	23	
46	90	99	55	27	
55	99	108	62	33	
62	108	103	58	35	
29	58	103	95	50	
103	108	99	90	95	
4	6	12	16	10	
4	24	47	26	6	
6	26	54	32	12	
12	32	63	36	16	
16	36	59	30	10	
4	10	30	51	24	
51	96	91	47	24	
47	91	100	54	26	
54	100	109	63	32	
63	109	104	59	36	
30	59	104	96	51	
104	109	100	91	96	
5	7	13	17	11	
5	25	48	27	7	
7	27	55	33	13	
13	33	64	37	17	
17	37	60	31	11	
5	11	31	52	25	
52	97	92	48	25	
48	92	101	55	27	
55	101	110	64	33	
64	110	105	60	37	
31	60	105	97	52	
105	110	101	92	97	
8	9	15	18	14	
8	28	53	29	9	
9	29	58	35	15	
15	35	66	38	18	
18	38	65	34	14	
8	14	34	57	28	
57	112	106	53	28	
53	106	113	58	29	
58	113	117	66	35	
66	117	116	65	38	
34	65	116	112	57	
116	117	113	106	112	
10	11	17	19	16	
10	30	56	31	11	
11	31	60	37	17	
17	37	68	39	19	
19	39	67	36	16	
10	16	36	59	30	
59	114	111	56	30	
56	111	115	60	31	
60	115	123	68	37	
68	123	122	67	39	
36	67	122	114	59	
122	123	115	111	114	
12	14	18	19	16	
12	32	61	34	14	
14	34	65	38	18	
18	38	69	39	19	
19	39	67	36	16	
12	16	36	63	32	
63	120	118	61	32	
61	118	124	65	34	
65	124	128	69	38	
69	128	126	67	39	
36	67	126	120	63	
126	128	124	118	120	
13	15	18	19	17	
13	33	62	35	15	
15	35	66	38	18	
18	38	69	39	19	
19	39	68	37	17	
13	17	37	64	33	
64	121	119	62	33	
62	119	125	66	35	
66	125	129	69	38	
69	129	127	68	39	
37	68	127	121	64	
127	129	125	119	121	
20	40	70	72	41	
20	42	73	71	40	
40	71	131	130	70	
70	130	190	132	72	
72	132	136	76	41	
20	41	76	77	42	
77	137	133	73	42	
73	133	191	131	71	
131	191	250	190	130	
190	250	194	136	132	
76	136	194	137	77	
194	250	191	133	137	
21	40	70	74	43	
21	44	75	71	40	
40	71	131	130	70	
70	130	192	134	74	
74	134	138	82	43	
21	43	82	83	44	
83	139	135	75	44	
75	135	193	131	71	
131	193	251	192	130	
192	251	195	138	134	
82	138	195	139	83	
195	251	193	135	139	
22	41	72	78	45	
22	49	84	76	41	
41	76	136	132	72	
72	132	196	140	78	
78	140	146	89	45	
22	45	89	94	49	
94	152	144	84	49	
84	144	200	136	76	
136	200	252	196	132	
196	252	206	146	140	
89	146	206	152	94	
206	252	200	144	152	
23	42	73	79	46	
23	50	85	77	42	
42	77	137	133	73	
73	133	197	141	79	
79	141	147	90	46	
23	46	90	95	50	
95	153	145	85	50	
85	145	201	137	77	
137	201	253	197	133	
197	253	207	147	141	
90	147	207	153	95	
207	253	201	145	153	
24	43	74	80	47	
24	51	86	82	43	
43	82	138	134	74	
74	134	198	142	80	
80	142	148	91	47	
24	47	91	96	51	
96	154	150	86	51	
86	150	204	138	82	
138	204	254	198	134	
198	254	208	148	142	
91	148	208	154	96	
208	254	204	150	154	
25	44	75	81	48	
25	52	87	83	44	
44	83	139	135	75	
75	135	199	143	81	
81	143	149	92	48	
25	48	92	97	52	
97	155	151	87	52	
87	151	205	139	83	
139	205	255	199	135	
199	255	209	149	143	
92	149	209	155	97	
209	255	205	151	155	
26	45	78	80	47	
26	54	98	89	45	
45	89	146	140	78	
78	140	202	142	80	
80	142	148	91	47	
26	47	91	100	54	
100	160	158	98	54	
98	158	212	146	89	
146	212	256	202	140	
202	256	214	148	142	
91	148	214	160	100	
214	256	212	158	160	
27	46	79	81	48	
27	55	99	90	46	
46	90	147	141	79	
79	141	203	143	81	
81	143	149	92	48	
27	48	92	101	55	
101	161	159	99	55	
99	159	213	147	90	
147	213	257	203	141	
203	257	215	149	143	
92	149	215	161	101	
215	257	213	159	161	
28	49	84	88	53	
28	57	102	94	49	
49	94	152	144	84	
84	144	210	156	88	
88	156	162	106	53	
28	53	106	112	57	
112	168	164	102	57	
102	164	218	152	94	
152	218	258	210	144	
210	258	222	162	156	
106	162	222	168	112	
222	258	218	164	168	
29	50	85	88	53	
29	58	103	95	50	
50	95	153	145	85	
85	145	211	156	88	
88	156	162	106	53	
29	53	106	113	58	
113	169	165	103	58	
103	165	219	153	95	
153	219	259	211	145	
211	259	223	162	156	
106	162	223	169	113	
223	259	219	165	169	
30	51	86	93	56	
30	59	104	96	51	
51	96	154	150	86	
86	150	216	157	93	
93	157	163	111	56	
30	56	111	114	59	
114	174	166	104	59	
104	166	220	154	96	
154	220	260	216	150	
216	260	228	163	157	
111	163	228	174	114	
228	260	220	166	174	
31	52	87	93	56	
31	60	105	97	52	
52	97	155	151	87	
87	151	217	157	93	
93	157	163	111	56	
31	56	111	115	60	
115	175	167	105	60	
105	167	221	155	97	
155	221	261	217	151	
217	261	229	163	157	
111	163	229	175	115	
229	261	221	167	175	
32	54	98	107	61	
32	63	109	100	54	
54	100	160	158	98	
98	158	224	170	107	
107	170	176	118	61	
32	61	118	120	63	
120	178	172	109	63	
109	172	226	160	100	
160	226	262	224	158	
224	262	236	176	170	
118	176	236	178	120	
236	262	226	172	178	
33	55	99	108	62	
33	64	110	101	55	
55	101	161	159	99	
99	159	225	171	108	
108	171	177	119	62	
33	62	119	121	64	
121	179	173	110	64	
110	173	227	161	101	
161	227	263	225	159	
225	263	237	177	171	
119	177	237	179	121	
237	263	227	173	179	
34	57	102	107	61	
34	65	116	112	57	
57	112	168	164	102	
102	164	230	170	107	
107	170	176	118	61	
34	61	118	124	65	
124	184	180	116	65	
116	180	234	168	112	
168	234	264	230	164	
230	264	240	176	170	
118	176	240	184	124	
240	264	234	180	184	
35	58	103	108	62	
35	66	117	113	58	
58	113	169	165	103	
103	165	231	171	108	
108	171	177	119	62	
35	62	119	125	66	
125	185	181	117	66	
117	181	235	169	113	
169	235	265	231	165	
231	265	241	177	171	
119	177	241	185	125	
241	265	235	181	185	
36	59	104	109	63	
36	67	122	114	59	
59	114	174	166	104	
104	166	232	172	109	
109	172	178	120	63	
36	63	120	126	67	
126	186	182	122	67	
122	182	238	174	114	
174	238	266	232	166	
232	266	242	178	172	
120	178	242	186	126	
242	266	238	182	186	
37	60	105	110	64	
37	68	123	115	60	
60	115	175	167	105	
105	167	233	173	110	
110	173	179	121	64	
37	64	121	127	68	
127	187	183	123	68	
123	183	239	175	115	
175	239	267	233	167	
233	267	243	179	173	
121	179	243	187	127	
243	267	239	183	187	
38	65	116	117	66	
38	69	128	124	65	
65	124	184	180	116	
116	180	244	181	117	
117	181	185	125	66	
38	66	125	129	69	
129	189	188	128	69	
128	188	246	184	124	
184	246	268	244	180	
244	268	247	185	181	
125	185	247	189	129	
247	268	246	188	189	
39	67	122	123	68	
39	69	128	126	67	
67	126	186	182	122	
122	182	245	183	123	
123	183	187	127	68	
39	68	127	129	69	
129	189	188	128	69	
128	188	248	186	126	
186	248	269	245	182	
245	269	249	187	183	
127	187	249	189	129	
249	269	248	188	189	
70	72	78	80	74	
70	130	190	132	72	
72	132	196	140	78	
78	140	202	142	80	
80	142	198	134	74	
70	74	134	192	130	
192	272	270	190	130	
190	270	274	196	132	
196	274	279	202	140	
202	279	276	198	142	
134	198	276	272	192	
276	279	274	270	272	
71	73	79	81	75	
71	131	191	133	73	
73	133	197	141	79	
79	141	203	143	81	
81	143	199	135	75	
71	75	135	193	131	
193	273	271	191	131	
191	271	275	197	133	
197	275	280	203	141	
203	280	277	199	143	
135	199	277	273	193	
277	280	275	271	273	
76	77	85	88	84	
76	136	194	137	77	
77	137	201	145	85	
85	145	211	156	88	
88	156	210	144	84	
76	84	144	200	136	
200	282	278	194	136	
194	278	283	201	137	
201	283	287	211	145	
211	287	286	210	156	
144	210	286	282	200	
286	287	283	278	282	
82	83	87	93	86	
82	138	195	139	83	
83	139	205	151	87	
87	151	217	157	93	
93	157	216	150	86	
82	86	150	204	138	
204	284	281	195	138	
195	281	285	205	139	
205	285	289	217	151	
217	289	288	216	157	
150	216	288	284	204	
288	289	285	281	284	
89	94	102	107	98	
89	146	206	152	94	
94	152	218	164	102	
102	164	230	170	107	
107	170	224	158	98	
89	98	158	212	146	
212	294	290	206	146	
206	290	298	218	152	
218	298	306	230	164	
230	306	302	224	170	
158	224	302	294	212	
302	306	298	290	294	
90	95	103	108	99	
90	147	207	153	95	
95	153	219	165	103	
103	165	231	171	108	
108	171	225	159	99	
90	99	159	213	147	
213	295	291	207	147	
207	291	299	219	153	
219	299	307	231	165	
231	307	303	225	171	
159	225	303	295	213	
303	307	299	291	295	
91	96	104	109	100	
91	148	208	154	96	
96	154	220	166	104	
104	166	232	172	109	
109	172	226	160	100	
91	100	160	214	148	
214	296	292	208	148	
208	292	300	220	154	
220	300	308	232	166	
232	308	304	226	172	
160	226	304	296	214	
304	308	300	292	296	
92	97	105	110	101	
92	149	209	155	97	
97	155	221	167	105	
105	167	233	173	110	
110	173	227	161	101	
92	101	161	215	149	
215	297	293	209	149	
209	293	301	221	155	
221	301	309	233	167	
233	309	305	227	173	
161	227	305	297	215	
305	309	301	293	297	
106	112	116	117	113	
106	162	222	168	112	
112	168	234	180	116	
116	180	244	181	117	
117	181	235	169	113	
106	113	169	223	162	
223	311	310	222	162	
222	310	314	234	168	
234	314	318	244	180	
244	318	315	235	181	
169	235	315	311	223	
315	318	314	310	311	
111	114	122	123	115	
111	163	228	174	114	
114	174	238	182	122	
122	182	245	183	123	
123	183	239	175	115	
111	115	175	229	163	
229	313	312	228	163	
228	312	316	238	174	
238	316	321	245	182	
245	321	317	239	183	
175	239	317	313	229	
317	321	316	312	313	
118	120	126	128	124	
118	176	236	178	120	
120	178	242	186	126	
126	186	248	188	128	
128	188	246	184	124	
118	124	184	240	176	
240	322	319	236	176	
236	319	324	242	178	
242	324	328	248	186	
248	328	326	246	188	
184	246	326	322	240	
326	328	324	319	322	
119	121	127	129	125	
119	177	237	179	121	
121	179	243	187	127	
127	187	249	189	129	
129	189	247	185	125	
119	125	185	241	177	
241	323	320	237	177	
237	320	325	243	179	
243	325	329	249	187	
249	329	327	247	189	
185	247	327	323	241	
327	329	325	320	323	
130	131	191	250	190	
130	192	251	193	131	
131	193	273	271	191	
191	271	351	330	250	
250	330	350	270	190	
130	190	270	272	192	
272	352	331	251	192	
251	331	353	273	193	
273	353	411	351	271	
351	411	410	350	330	
270	350	410	352	272	
410	411	353	331	352	
132	136	194	250	190	
132	196	252	200	136	
136	200	282	278	194	
194	278	354	330	250	
250	330	350	270	190	
132	190	270	274	196	
274	356	332	252	196	
252	332	360	282	200	
282	360	416	354	278	
354	416	412	350	330	
270	350	412	356	274	
412	416	360	332	356	
133	137	194	250	191	
133	197	253	201	137	
137	201	283	278	194	
194	278	354	330	250	
250	330	351	271	191	
133	191	271	275	197	
275	357	333	253	197	
253	333	361	283	201	
283	361	417	354	278	
354	417	413	351	330	
271	351	413	357	275	
413	417	361	333	357	
134	138	195	251	192	
134	198	254	204	138	
138	204	284	281	195	
195	281	355	331	251	
251	331	352	272	192	
134	192	272	276	198	
276	358	334	254	198	
254	334	364	284	204	
284	364	418	355	281	
355	418	414	352	331	
272	352	414	358	276	
414	418	364	334	358	
135	139	195	251	193	
135	199	255	205	139	
139	205	285	281	195	
195	281	355	331	251	
251	331	353	273	193	
135	193	273	277	199	
277	359	335	255	199	
255	335	365	285	205	
285	365	419	355	281	
355	419	415	353	331	
273	353	415	359	277	
415	419	365	335	359	
140	146	206	252	196	
140	202	256	212	146	
146	212	294	290	206	
206	290	366	332	252	
252	332	356	274	196	
140	196	274	279	202	
279	362	336	256	202	
256	336	372	294	212	
294	372	426	366	290	
366	426	420	356	332	
274	356	420	362	279	
420	426	372	336	362	
141	147	207	253	197	
141	203	257	213	147	
147	213	295	291	207	
207	291	367	333	253	
253	333	357	275	197	
141	197	275	280	203	
280	363	337	257	203	
257	337	373	295	213	
295	373	427	367	291	
367	427	421	357	333	
275	357	421	363	280	
421	427	373	337	363	
142	148	208	254	198	
142	202	256	214	148	
148	214	296	292	208	
208	292	368	334	254	
254	334	358	276	198	
142	198	276	279	202	
279	362	336	256	202	
256	336	374	296	214	
296	374	428	368	292	
368	428	422	358	334	
276	358	422	362	279	
422	428	374	336	362	
143	149	209	255	199	
143	203	257	215	149	
149	215	297	293	209	
209	293	369	335	255	
255	335	359	277	199	
143	199	277	280	203	
280	363	337	257	203	
257	337	375	297	215	
297	375	429	369	293	
369	429	423	359	335	
277	359	423	363	280	
423	429	375	337	363	
144	152	206	252	200	
144	210	258	218	152	
152	218	298	290	206	
206	290	366	332	252	
252	332	360	282	200	
144	200	282	286	210	
286	370	338	258	210	
258	338	378	298	218	
298	378	432	366	290	
366	432	424	360	332	
282	360	424	370	286	
424	432	378	338	370	
145	153	207	253	201	
145	211	259	219	153	
153	219	299	291	207	
207	291	367	333	253	
253	333	361	283	201	
145	201	283	287	211	
287	371	339	259	211	
259	339	379	299	219	
299	379	433	367	291	
367	433	425	361	333	
283	361	425	371	287	
425	433	379	339	371	
150	154	208	254	204	
150	216	260	220	154	
154	220	300	292	208	
208	292	368	334	254	
254	334	364	284	204	
150	204	284	288	216	
288	376	340	260	216	
260	340	380	300	220	
300	380	434	368	292	
368	434	430	364	334	
284	364	430	376	288	
430	434	380	340	376	
151	155	209	255	205	
151	217	261	221	155	
155	221	301	293	209	
209	293	369	335	255	
255	335	365	285	205	
151	205	285	289	217	
289	377	341	261	217	
261	341	381	301	221	
301	381	435	369	293	
369	435	431	365	335	
285	365	431	377	289	
431	435	381	341	377	
156	162	222	258	210	
156	211	259	223	162	
162	223	311	310	222	
222	310	382	338	258	
258	338	370	286	210	
156	210	286	287	211	
287	371	339	259	211	
259	339	383	311	223	
311	383	442	382	310	
382	442	436	370	338	
286	370	436	371	287	
436	442	383	339	371	
157	163	228	260	216	
157	217	261	229	163	
163	229	313	312	228	
228	312	388	340	260	
260	340	376	288	216	
157	216	288	289	217	
289	377	341	261	217	
261	341	389	313	229	
313	389	443	388	312	
388	443	437	376	340	
288	376	437	377	289	
437	443	389	341	377	
158	160	214	256	212	
158	224	262	226	160	
160	226	304	296	214	
214	296	374	336	256	
256	336	372	294	212	
158	212	294	302	224	
302	384	342	262	224	
262	342	386	304	226	
304	386	440	374	296	
374	440	438	372	336	
294	372	438	384	302	
438	440	386	342	384	
159	161	215	257	213	
159	225	263	227	161	
161	227	305	297	215	
215	297	375	337	257	
257	337	373	295	213	
159	213	295	303	225	
303	385	343	263	225	
263	343	387	305	227	
305	387	441	375	297	
375	441	439	373	337	
295	373	439	385	303	
439	441	387	343	385	
164	168	222	258	218	
164	230	264	234	168	
168	234	314	310	222	
222	310	382	338	258	
258	338	378	298	218	
164	218	298	306	230	
306	390	344	264	230	
264	344	394	314	234	
314	394	448	382	310	
382	448	444	378	338	
298	378	444	390	306	
444	448	394	344	390	
165	169	223	259	219	
165	231	265	235	169	
169	235	315	311	223	
223	311	383	339	259	
259	339	379	299	219	
165	219	299	307	231	
307	391	345	265	231	
265	345	395	315	235	
315	395	449	383	311	
383	449	445	379	339	
299	379	445	391	307	
445	449	395	345	391	
166	174	228	260	220	
166	232	266	238	174	
174	238	316	312	228	
228	312	388	340	260	
260	340	380	300	220	
166	220	300	308	232	
308	392	346	266	232	
266	346	398	316	238	
316	398	454	388	312	
388	454	446	380	340	
300	380	446	392	308	
446	454	398	346	392	
167	175	229	261	221	
167	233	267	239	175	
175	239	317	313	229	
229	313	389	341	261	
261	341	381	301	221	
167	221	301	309	233	
309	393	347	267	233	
267	347	399	317	239	
317	399	455	389	313	
389	455	447	381	341	
301	381	447	393	309	
447	455	399	347	393	
170	176	236	262	224	
170	230	264	240	176	
176	240	322	319	236	
236	319	396	342	262	
262	342	384	302	224	
170	224	302	306	230	
306	390	344	264	230	
264	344	400	322	240	
322	400	456	396	319	
396	456	450	384	342	
302	384	450	390	306	
450	456	400	344	390	
171	177	237	263	225	
171	231	265	241	177	
177	241	323	320	237	
237	320	397	343	263	
263	343	385	303	225	
171	225	303	307	231	
307	391	345	265	231	
265	345	401	323	241	
323	401	457	397	320	
397	457	451	385	343	
303	385	451	391	307	
451	457	401	345	391	
172	178	236	262	226	
172	232	266	242	178	
178	242	324	319	236	
236	319	396	342	262	
262	342	386	304	226	
172	226	304	308	232	
308	392	346	266	232	
266	346	402	324	242	
324	402	458	396	319	
396	458	452	386	342	
304	386	452	392	308	
452	458	402	346	392	
173	179	237	263	227	
173	233	267	243	179	
179	243	325	320	237	
237	320	397	343	263	
263	343	387	305	227	
173	227	305	309	233	
309	393	347	267	233	
267	347	403	325	243	
325	403	459	397	320	
397	459	453	387	343	
305	387	453	393	309	
453	459	403	347	393	
180	184	240	264	234	
180	244	268	246	184	
184	246	326	322	240	
240	322	400	344	264	
264	344	394	314	234	
180	234	314	318	244	
318	404	348	268	244	
268	348	406	326	246	
326	406	464	400	322	
400	464	460	394	344	
314	394	460	404	318	
460	464	406	348	404	
181	185	241	265	235	
181	244	268	247	185	
185	247	327	323	241	
241	323	401	345	265	
265	345	395	315	235	
181	235	315	318	244	
318	404	348	268	244	
268	348	407	327	247	
327	407	465	401	323	
401	465	461	395	345	
315	395	461	404	318	
461	465	407	348	404	
182	186	242	266	238	
182	245	269	248	186	
186	248	328	324	242	
242	324	402	346	266	
266	346	398	316	238	
182	238	316	321	245	
321	405	349	269	245	
269	349	408	328	248	
328	408	466	402	324	
402	466	462	398	346	
316	398	462	405	321	
462	466	408	349	405	
183	187	243	267	239	
183	245	269	249	187	
187	249	329	325	243	
243	325	403	347	267	
267	347	399	317	239	
183	239	317	321	245	
321	405	349	269	245	
269	349	409	329	249	
329	409	467	403	325	
403	467	463	399	347	
317	399	463	405	321	
463	467	409	349	405	
188	189	247	268	246	
188	248	269	249	189	
189	249	329	327	247	
247	327	407	348	268	
268	348	406	326	246	
188	246	326	328	248	
328	408	349	269	248	
269	349	409	329	249	
329	409	469	407	327	
407	469	468	406	348	
326	406	468	408	328	
468	469	409	349	408	
270	272	276	279	274	
270	350	410	352	272	
272	352	414	358	276	
276	358	422	362	279	
279	362	420	356	274	
270	274	356	412	350	
412	472	470	410	350	
410	470	474	414	352	
414	474	480	422	358	
422	480	478	420	362	
356	420	478	472	412	
478	480	474	470	472	
271	273	277	280	275	
271	351	411	353	273	
273	353	415	359	277	
277	359	423	363	280	
280	363	421	357	275	
271	275	357	413	351	
413	473	471	411	351	
411	471	475	415	353	
415	475	481	423	359	
423	481	479	421	363	
357	421	479	473	413	
479	481	475	471	473	
278	282	286	287	283	
278	354	416	360	282	
282	360	424	370	286	
286	370	436	371	287	
287	371	425	361	283	
278	283	361	417	354	
417	477	476	416	354	
416	476	484	424	360	
424	484	488	436	370	
436	488	485	425	371	
361	425	485	477	417	
485	488	484	476	477	
281	284	288	289	285	
281	355	418	364	284	
284	364	430	376	288	
288	376	437	377	289	
289	377	431	365	285	
281	285	365	419	355	
419	483	482	418	355	
418	482	486	430	364	
430	486	493	437	376	
437	493	487	431	377	
365	431	487	483	419	
487	493	486	482	483	
290	294	302	306	298	
290	366	426	372	294	
294	372	438	384	302	
302	384	450	390	306	
306	390	444	378	298	
290	298	378	432	366	
432	494	489	426	366	
426	489	498	438	372	
438	498	507	450	384	
450	507	502	444	390	
378	444	502	494	432	
502	507	498	489	494	
291	295	303	307	299	
291	367	427	373	295	
295	373	439	385	303	
303	385	451	391	307	
307	391	445	379	299	
291	299	379	433	367	
433	495	490	427	367	
427	490	499	439	373	
439	499	508	451	385	
451	508	503	445	391	
379	445	503	495	433	
503	508	499	490	495	
292	296	304	308	300	
292	368	428	374	296	
296	374	440	386	304	
304	386	452	392	308	
308	392	446	380	300	
292	300	380	434	368	
434	496	491	428	368	
428	491	500	440	374	
440	500	509	452	386	
452	509	504	446	392	
380	446	504	496	434	
504	509	500	491	496	
293	297	305	309	301	
293	369	429	375	297	
297	375	441	387	305	
305	387	453	393	309	
309	393	447	381	301	
293	301	381	435	369	
435	497	492	429	369	
429	492	501	441	375	
441	501	510	453	387	
453	510	505	447	393	
381	447	505	497	435	
505	510	501	492	497	
310	311	315	318	314	
310	382	442	383	311	
311	383	449	395	315	
315	395	461	404	318	
318	404	460	394	314	
310	314	394	448	382	
448	512	506	442	382	
442	506	513	449	383	
449	513	517	461	395	
461	517	516	460	404	
394	460	516	512	448	
516	517	513	506	512	
312	313	317	321	316	
312	388	443	389	313	
313	389	455	399	317	
317	399	463	405	321	
321	405	462	398	316	
312	316	398	454	388	
454	514	511	443	388	
443	511	515	455	389	
455	515	523	463	399	
463	523	522	462	405	
398	462	522	514	454	
522	523	515	511	514	
319	322	326	328	324	
319	396	456	400	322	
322	400	464	406	326	
326	406	468	408	328	
328	408	466	402	324	
319	324	402	458	396	
458	520	518	456	396	
456	518	524	464	400	
464	524	528	468	406	
468	528	526	466	408	
402	466	526	520	458	
526	528	524	518	520	
320	323	327	329	325	
320	397	457	401	323	
323	401	465	407	327	
327	407	469	409	329	
329	409	467	403	325	
320	325	403	459	397	
459	521	519	457	397	
457	519	525	465	401	
465	525	529	469	407	
469	529	527	467	409	
403	467	527	521	459	
527	529	525	519	521	
330	350	410	411	351	
330	354	416	412	350	
350	412	472	470	410	
410	470	530	471	411	
411	471	473	413	351	
330	351	413	417	354	
417	477	476	416	354	
416	476	531	472	412	
472	531	560	530	470	
530	560	532	473	471	
413	473	532	477	417	
532	560	531	476	477	
331	352	410	411	353	
331	355	418	414	352	
352	414	474	470	410	
410	470	530	471	411	
411	471	475	415	353	
331	353	415	419	355	
419	483	482	418	355	
418	482	533	474	414	
474	533	561	530	470	
530	561	534	475	471	
415	475	534	483	419	
534	561	533	482	483	
332	356	412	416	360	
332	366	426	420	356	
356	420	478	472	412	
412	472	531	476	416	
416	476	484	424	360	
332	360	424	432	366	
432	494	489	426	366	
426	489	535	478	420	
478	535	562	531	472	
531	562	539	484	476	
424	484	539	494	432	
539	562	535	489	494	
333	357	413	417	361	
333	367	427	421	357	
357	421	479	473	413	
413	473	532	477	417	
417	477	485	425	361	
333	361	425	433	367	
433	495	490	427	367	
427	490	536	479	421	
479	536	563	532	473	
532	563	540	485	477	
425	485	540	495	433	
540	563	536	490	495	
334	358	414	418	364	
334	368	428	422	358	
358	422	480	474	414	
414	474	533	482	418	
418	482	486	430	364	
334	364	430	434	368	
434	496	491	428	368	
428	491	537	480	422	
480	537	564	533	474	
533	564	541	486	482	
430	486	541	496	434	
541	564	537	491	496	
335	359	415	419	365	
335	369	429	423	359	
359	423	481	475	415	
415	475	534	483	419	
419	483	487	431	365	
335	365	431	435	369	
435	497	492	429	369	
429	492	538	481	423	
481	538	565	534	475	
534	565	542	487	483	
431	487	542	497	435	
542	565	538	492	497	
336	362	420	426	372	
336	374	428	422	362	
362	422	480	478	420	
420	478	535	489	426	
426	489	498	438	372	
336	372	438	440	374	
440	500	491	428	374	
428	491	537	480	422	
480	537	566	535	478	
535	566	544	498	489	
438	498	544	500	440	
544	566	537	491	500	
337	363	421	427	373	
337	375	429	423	363	
363	423	481	479	421	
421	479	536	490	427	
427	490	499	439	373	
337	373	439	441	375	
441	501	492	429	375	
429	492	538	481	423	
481	538	567	536	479	
536	567	545	499	490	
439	499	545	501	441	
545	567	538	492	501	
338	370	424	432	378	
338	382	442	436	370	
370	436	488	484	424	
424	484	539	494	432	
432	494	502	444	378	
338	378	444	448	382	
448	512	506	442	382	
442	506	543	488	436	
488	543	568	539	484	
539	568	547	502	494	
444	502	547	512	448	
547	568	543	506	512	
339	371	425	433	379	
339	383	442	436	371	
371	436	488	485	425	
425	485	540	495	433	
433	495	503	445	379	
339	379	445	449	383	
449	513	506	442	383	
442	506	543	488	436	
488	543	569	540	485	
540	569	548	503	495	
445	503	548	513	449	
548	569	543	506	513	
340	376	430	434	380	
340	388	443	437	376	
376	437	493	486	430	
430	486	541	496	434	
434	496	504	446	380	
340	380	446	454	388	
454	514	511	443	388	
443	511	546	493	437	
493	546	570	541	486	
541	570	549	504	496	
446	504	549	514	454	
549	570	546	511	514	
341	377	431	435	381	
341	389	443	437	377	
377	437	493	487	431	
431	487	542	497	435	
435	497	505	447	381	
341	381	447	455	389	
455	515	511	443	389	
443	511	546	493	437	
493	546	571	542	487	
542	571	550	505	497	
447	505	550	515	455	
550	571	546	511	515	
342	384	438	440	386	
342	396	456	450	384	
384	450	507	498	438	
438	498	544	500	440	
440	500	509	452	386	
342	386	452	458	396	
458	520	518	456	396	
456	518	551	507	450	
507	551	572	544	498	
544	572	553	509	500	
452	509	553	520	458	
553	572	551	518	520	
343	385	439	441	387	
343	397	457	451	385	
385	451	508	499	439	
439	499	545	501	441	
441	501	510	453	387	
343	387	453	459	397	
459	521	519	457	397	
457	519	552	508	451	
508	552	573	545	499	
545	573	554	510	501	
453	510	554	521	459	
554	573	552	519	521	
344	390	444	448	394	
344	400	456	450	390	
390	450	507	502	444	
444	502	547	512	448	
448	512	516	460	394	
344	394	460	464	400	
464	524	518	456	400	
456	518	551	507	450	
507	551	574	547	502	
547	574	555	516	512	
460	516	555	524	464	
555	574	551	518	524	
345	391	445	449	395	
345	401	457	451	391	
391	451	508	503	445	
445	503	548	513	449	
449	513	517	461	395	
345	395	461	465	401	
465	525	519	457	401	
457	519	552	508	451	
508	552	575	548	503	
548	575	556	517	513	
461	517	556	525	465	
556	575	552	519	525	
346	392	446	454	398	
346	402	458	452	392	
392	452	509	504	446	
446	504	549	514	454	
454	514	522	462	398	
346	398	462	466	402	
466	526	520	458	402	
458	520	553	509	452	
509	553	576	549	504	
549	576	557	522	514	
462	522	557	526	466	
557	576	553	520	526	
347	393	447	455	399	
347	403	459	453	393	
393	453	510	505	447	
447	505	550	515	455	
455	515	523	463	399	
347	399	463	467	403	
467	527	521	459	403	
459	521	554	510	453	
510	554	577	550	505	
550	577	558	523	515	
463	523	558	527	467	
558	577	554	521	527	
348	404	460	464	406	
348	407	465	461	404	
404	461	517	516	460	
460	516	555	524	464	
464	524	528	468	406	
348	406	468	469	407	
469	529	525	465	407	
465	525	556	517	461	
517	556	578	555	516	
555	578	559	528	524	
468	528	559	529	469	
559	578	556	525	529	
349	405	462	466	408	
349	409	467	463	405	
405	463	523	522	462	
462	522	557	526	466	
466	526	528	468	408	
349	408	468	469	409	
469	529	527	467	409	
467	527	558	523	463	
523	558	579	557	522	
557	579	559	528	526	
468	528	559	529	469	
559	579	558	527	529	
470	472	478	480	474	
470	530	560	531	472	
472	531	562	535	478	
478	535	566	537	480	
480	537	564	533	474	
470	474	533	561	530	
561	581	580	560	530	
560	580	582	562	531	
562	582	586	566	535	
566	586	584	564	537	
533	564	584	581	561	
584	586	582	580	581	
471	473	479	481	475	
471	530	560	532	473	
473	532	563	536	479	
479	536	567	538	481	
481	538	565	534	475	
471	475	534	561	530	
561	581	580	560	530	
560	580	583	563	532	
563	583	587	567	536	
567	587	585	565	538	
534	565	585	581	561	
585	587	583	580	581	
476	477	485	488	484	
476	531	560	532	477	
477	532	563	540	485	
485	540	569	543	488	
488	543	568	539	484	
476	484	539	562	531	
562	582	580	560	531	
560	580	583	563	532	
563	583	589	569	540	
569	589	588	568	543	
539	568	588	582	562	
588	589	583	580	582	
482	483	487	493	486	
482	533	561	534	483	
483	534	565	542	487	
487	542	571	546	493	
493	546	570	541	486	
482	486	541	564	533	
564	584	581	561	533	
561	581	585	565	534	
565	585	591	571	542	
571	591	590	570	546	
541	570	590	584	564	
590	591	585	581	584	
489	494	502	507	498	
489	535	562	539	494	
494	539	568	547	502	
502	547	574	551	507	
507	551	572	544	498	
489	498	544	566	535	
566	586	582	562	535	
562	582	588	568	539	
568	588	594	574	547	
574	594	592	572	551	
544	572	592	586	566	
592	594	588	582	586	
490	495	503	508	499	
490	536	563	540	495	
495	540	569	548	503	
503	548	575	552	508	
508	552	573	545	499	
490	499	545	567	536	
567	587	583	563	536	
563	583	589	569	540	
569	589	595	575	548	
575	595	593	573	552	
545	573	593	587	567	
593	595	589	583	587	
491	496	504	509	500	
491	537	564	541	496	
496	541	570	549	504	
504	549	576	553	509	
509	553	572	544	500	
491	500	544	566	537	
566	586	584	564	537	
564	584	590	570	541	
570	590	596	576	549	
576	596	592	572	553	
544	572	592	586	566	
592	596	590	584	586	
492	497	505	510	501	
492	538	565	542	497	
497	542	571	550	505	
505	550	577	554	510	
510	554	573	545	501	
492	501	545	567	538	
567	587	585	565	538	
565	585	591	571	542	
571	591	597	577	550	
577	597	593	573	554	
545	573	593	587	567	
593	597	591	585	587	
506	512	516	517	513	
506	543	568	547	512	
512	547	574	555	516	
516	555	578	556	517	
517	556	575	548	513	
506	513	548	569	543	
569	589	588	568	543	
568	588	594	574	547	
574	594	598	578	555	
578	598	595	575	556	
548	575	595	589	569	
595	598	594	588	589	
511	514	522	523	515	
511	546	570	549	514	
514	549	576	557	522	
522	557	579	558	523	
523	558	577	550	515	
511	515	550	571	546	
571	591	590	570	546	
570	590	596	576	549	
576	596	599	579	557	
579	599	597	577	558	
550	577	597	591	571	
597	599	596	590	591	
518	520	526	528	524	
518	551	572	553	520	
520	553	576	557	526	
526	557	579	559	528	
528	559	578	555	524	
518	524	555	574	551	
574	594	592	572	551	
572	592	596	576	553	
576	596	599	579	557	
579	599	598	578	559	
555	578	598	594	574	
598	599	596	592	594	
519	521	527	529	525	
519	552	573	554	521	
521	554	577	558	527	
527	558	579	559	529	
529	559	578	556	525	
519	525	556	575	552	
575	595	593	573	552	
573	593	597	577	554	
577	597	599	579	558	
579	599	598	578	559	
556	578	598	595	575	
598	599	597	593	595	
580	581	584	586	582	
580	583	587	585	581	
581	585	591	590	584	
584	590	596	592	586	
586	592	594	588	582	
580	582	588	589	583	
589	595	593	587	583	
587	593	597	591	585	
591	597	599	596	590	
596	599	598	594	592	
588	594	598	595	589	
598	599	597	593	595	
